100,20,2
-1.0,0.25,-1.0,-4.0,0.07439198855507868,-2.0,-1.0,1.0,-4.0,-1.0,0.6666666666666666,-4.0,0.19642857142857142,-1.0,-1.0,0.3333333333333333,-1.0,0.0,-1.0,-1.0,1.0,0.0
-3.0,0.25,-2.0,-4.0,0.1393199075602509,-3.0,-3.0,0.0,-2.0,-1.0,0.3333333333333333,-4.0,0.21428571428571427,-2.0,-1.0,0.0,-3.0,0.0,-2.0,-1.0,1.0,0.0
-3.0,0.11764705882352941,-2.0,-6.0,0.045449543303620554,-2.0,-2.0,0.3333333333333333,-4.0,-1.0,0.3333333333333333,-1.0,0.125,-1.0,-1.0,0.0,-1.0,0.0,-1.0,-2.0,1.0,0.0
-2.0,0.29411764705882354,-3.0,-1.0,0.07169582920655881,-5.0,-3.0,0.6666666666666666,-2.0,-1.0,0.3333333333333333,-2.0,0.07142857142857142,-1.0,-3.0,0.3333333333333333,-1.0,0.0,-1.0,-1.0,0.0,0.0
-2.0,0.11764705882352941,-2.0,-1.0,0.07246616044899307,-2.0,-2.0,0.0,-2.0,-1.0,0.0,-4.0,0.05357142857142857,-1.0,-1.0,0.0,-1.0,0.0,-1.0,-1.0,0.0,0.0
-2.0,0.16176470588235295,-2.0,-8.0,0.0582150324639595,-2.0,-1.0,1.0,-1.0,-1.0,1.0,-4.0,0.3392857142857143,-1.0,-1.0,0.3333333333333333,-2.0,0.0,-2.0,-1.0,1.0,0.0
-3.0,0.29411764705882354,-3.0,-3.0,0.21464729833828547,-5.0,-2.0,0.3333333333333333,-1.0,-1.0,0.6666666666666666,-2.0,0.2857142857142857,-1.0,-1.0,0.3333333333333333,-1.0,0.0,-2.0,-1.0,1.0,0.0
-3.0,0.29411764705882354,-2.0,-1.0,0.15709254979641246,-1.0,-5.0,1.0,-1.0,-1.0,0.3333333333333333,-4.0,0.10714285714285714,-1.0,-1.0,0.3333333333333333,-1.0,0.0,-2.0,-1.0,1.0,0.0
-1.0,0.47058823529411764,-2.0,-9.0,0.8587542643336635,-2.0,-4.0,0.3333333333333333,-3.0,-3.0,0.6666666666666666,-4.0,0.42857142857142855,-1.0,-1.0,0.0,-3.0,0.0,-2.0,-1.0,1.0,0.0
-3.0,0.47058823529411764,-1.0,-5.0,0.3076923076923077,-2.0,-1.0,0.3333333333333333,-1.0,-1.0,0.3333333333333333,-2.0,0.2857142857142857,-1.0,-1.0,0.3333333333333333,-1.0,1.0,-1.0,-1.0,1.0,0.0
-4.0,0.029411764705882353,-1.0,-4.0,0.05771981952239463,-2.0,-2.0,0.0,-1.0,-1.0,0.0,-1.0,0.9821428571428571,-1.0,-1.0,0.6666666666666666,-4.0,1.0,-2.0,-2.0,1.0,0.0
-1.0,0.5294117647058824,-1.0,-2.0,0.3162759986794322,-2.0,-2.0,1.0,-1.0,-1.0,0.6666666666666666,-3.0,0.14285714285714285,-2.0,-1.0,0.0,-1.0,0.0,-1.0,-1.0,1.0,1.0
-2.0,0.29411764705882354,-2.0,-3.0,0.20947507428194123,-2.0,-3.0,0.6666666666666666,-3.0,-1.0,0.6666666666666666,-4.0,0.42857142857142855,-1.0,-1.0,0.0,-1.0,0.0,-1.0,-1.0,1.0,1.0
-1.0,0.25,-2.0,-1.0,0.0872125013755915,-2.0,-2.0,0.6666666666666666,-2.0,-1.0,0.3333333333333333,-1.0,0.10714285714285714,-1.0,-1.0,0.3333333333333333,-1.0,0.0,-1.0,-1.0,1.0,1.0
-3.0,0.11764705882352941,-1.0,-1.0,0.014966435567293936,-3.0,-1.0,1.0,-1.0,-1.0,1.0,-2.0,0.4107142857142857,-1.0,-1.0,0.3333333333333333,-1.0,1.0,-1.0,-1.0,1.0,0.0
-3.0,0.16176470588235295,-1.0,-1.0,0.08688235941454825,-2.0,-1.0,1.0,-1.0,-1.0,1.0,-4.0,0.48214285714285715,-1.0,-1.0,0.3333333333333333,-1.0,0.0,-1.0,-1.0,1.0,0.0
-1.0,0.29411764705882354,-2.0,-4.0,0.1129635743369649,-2.0,-1.0,1.0,-1.0,-3.0,0.0,-1.0,0.4642857142857143,-1.0,-1.0,0.0,-1.0,0.0,-2.0,-1.0,1.0,1.0
-1.0,0.11764705882352941,-1.0,-1.0,0.007428194123473094,-2.0,-3.0,1.0,-2.0,-1.0,0.6666666666666666,-1.0,0.6964285714285714,-1.0,-1.0,1.0,-2.0,0.0,-1.0,-1.0,1.0,0.0
-3.0,0.6470588235294118,-2.0,-6.0,0.2527786948387807,-2.0,-4.0,0.6666666666666666,-1.0,-1.0,0.3333333333333333,-4.0,0.25,-2.0,-3.0,0.0,-3.0,0.0,-1.0,-1.0,1.0,1.0
-3.0,0.11764705882352941,-2.0,-5.0,0.12077693408165512,-1.0,-5.0,0.3333333333333333,-4.0,-1.0,1.0,-4.0,0.125,-1.0,-3.0,0.0,-1.0,0.0,-1.0,-1.0,1.0,0.0
-1.0,0.11764705882352941,-2.0,-1.0,0.025255860019808517,-2.0,-1.0,1.0,-1.0,-1.0,1.0,-1.0,0.6785714285714286,-3.0,-1.0,0.0,-2.0,0.0,-2.0,-1.0,1.0,1.0
-2.0,0.8235294117647058,-2.0,-4.0,0.39385935952459555,-5.0,-5.0,1.0,-2.0,-1.0,0.3333333333333333,-2.0,0.08928571428571429,-1.0,-1.0,0.0,-3.0,0.0,-2.0,-1.0,0.0,1.0
-3.0,0.04411764705882353,-1.0,-1.0,0.02641135688345989,-1.0,-1.0,1.0,-1.0,-1.0,0.3333333333333333,-2.0,0.48214285714285715,-1.0,-3.0,0.3333333333333333,-2.0,0.0,-1.0,-1.0,1.0,0.0
-1.0,0.8235294117647058,-2.0,-6.0,0.3877517332452955,-2.0,-1.0,1.0,-1.0,-3.0,1.0,-3.0,0.30357142857142855,-1.0,-3.0,0.0,-1.0,0.0,-2.0,-1.0,1.0,1.0
-3.0,0.20588235294117646,-2.0,-3.0,0.12462859029382635,-2.0,-2.0,0.6666666666666666,-1.0,-1.0,1.0,-1.0,0.42857142857142855,-1.0,-1.0,0.0,-1.0,0.0,-1.0,-1.0,1.0,0.0
-2.0,0.29411764705882354,-2.0,-1.0,0.2659843732805106,-1.0,-1.0,0.3333333333333333,-2.0,-1.0,1.0,-4.0,0.4107142857142857,-1.0,-1.0,0.0,-1.0,0.0,-1.0,-1.0,1.0,0.0
-1.0,0.20588235294117646,-1.0,-4.0,0.20446792120611862,-2.0,-1.0,0.0,-2.0,-1.0,1.0,-1.0,0.25,-2.0,-3.0,0.6666666666666666,-1.0,0.0,-1.0,-1.0,1.0,1.0
-1.0,0.38235294117647056,-2.0,-8.0,0.6464179597226808,-2.0,-5.0,0.0,-3.0,-1.0,0.0,-3.0,0.26785714285714285,-1.0,-1.0,0.0,-2.0,0.0,-1.0,-1.0,1.0,1.0
-3.0,0.29411764705882354,-2.0,-1.0,0.16127434796962695,-2.0,-5.0,1.0,-2.0,-1.0,1.0,-2.0,0.125,-1.0,-1.0,0.0,-1.0,0.0,-1.0,-1.0,1.0,0.0
-2.0,0.47058823529411764,-3.0,-4.0,0.14372180037416088,-5.0,-1.0,1.0,-1.0,-1.0,0.6666666666666666,-3.0,0.19642857142857142,-1.0,-2.0,0.0,-1.0,0.0,-2.0,-1.0,1.0,0.0
-3.0,0.029411764705882353,-2.0,-8.0,0.022559700671288655,-3.0,-3.0,0.3333333333333333,-4.0,-1.0,1.0,-1.0,0.07142857142857142,-1.0,-3.0,0.0,-2.0,0.0,-2.0,-1.0,0.0,0.0
-3.0,0.11764705882352941,-2.0,-4.0,0.18031253438978762,-1.0,-5.0,0.3333333333333333,-1.0,-1.0,0.6666666666666666,-2.0,0.4642857142857143,-1.0,-1.0,0.0,-3.0,1.0,-1.0,-1.0,1.0,0.0
-1.0,0.29411764705882354,-2.0,-4.0,0.06223175965665236,-1.0,-2.0,1.0,-2.0,-1.0,0.3333333333333333,-2.0,0.2857142857142857,-1.0,-1.0,0.0,-1.0,0.0,-2.0,-1.0,1.0,1.0
-2.0,0.6470588235294118,-4.0,-6.0,0.6577528337184989,-1.0,-2.0,0.3333333333333333,-1.0,-1.0,0.3333333333333333,-4.0,0.5178571428571429,-2.0,-1.0,0.0,-3.0,0.0,-1.0,-1.0,1.0,0.0
-4.0,0.29411764705882354,-1.0,-3.0,0.18526466380543632,-1.0,-1.0,1.0,-1.0,-3.0,1.0,-3.0,0.017857142857142856,-1.0,-3.0,0.3333333333333333,-1.0,0.0,-2.0,-1.0,0.0,0.0
-1.0,0.6029411764705882,-4.0,-6.0,0.6364036535710356,-2.0,-1.0,0.3333333333333333,-1.0,-1.0,1.0,-4.0,0.17857142857142858,-1.0,-3.0,0.3333333333333333,-1.0,0.0,-2.0,-1.0,1.0,1.0
-3.0,0.20588235294117646,-1.0,-4.0,0.1389347419390338,-2.0,-3.0,0.3333333333333333,-1.0,-1.0,0.3333333333333333,-2.0,0.21428571428571427,-2.0,-1.0,0.3333333333333333,-1.0,0.0,-2.0,-1.0,1.0,1.0
-4.0,0.5588235294117647,-1.0,-5.0,0.2501375591504347,-2.0,-1.0,1.0,-1.0,-1.0,1.0,-3.0,0.6607142857142857,-1.0,-2.0,0.0,-1.0,0.0,-2.0,-1.0,1.0,0.0
-3.0,0.16176470588235295,-2.0,-4.0,0.18190822053482997,-1.0,-2.0,0.6666666666666666,-1.0,-1.0,0.3333333333333333,-3.0,0.17857142857142858,-1.0,-1.0,0.0,-1.0,0.0,-2.0,-1.0,1.0,0.0
-3.0,0.11764705882352941,-1.0,-1.0,0.07730824254429404,-2.0,-1.0,0.3333333333333333,-1.0,-1.0,1.0,-1.0,0.7857142857142857,-1.0,-1.0,0.3333333333333333,-2.0,0.0,-1.0,-1.0,1.0,0.0
-2.0,0.29411764705882354,-3.0,-1.0,0.33856058104985143,-2.0,-5.0,0.0,-1.0,-1.0,0.3333333333333333,-4.0,0.25,-1.0,-1.0,0.0,-1.0,0.0,-2.0,-1.0,1.0,0.0
-1.0,0.47058823529411764,-2.0,-4.0,0.49636843842852424,-2.0,-3.0,0.3333333333333333,-1.0,-1.0,0.0,-4.0,0.08928571428571429,-1.0,-1.0,0.0,-1.0,0.0,-1.0,-1.0,0.0,1.0
-3.0,0.0,-1.0,-1.0,0.06894464619786508,-2.0,-3.0,0.3333333333333333,-1.0,-1.0,0.0,-1.0,0.4107142857142857,-1.0,-1.0,0.3333333333333333,-2.0,1.0,-2.0,-1.0,1.0,0.0
-1.0,0.16176470588235295,-2.0,-3.0,0.08776273797733025,-2.0,-5.0,1.0,-2.0,-2.0,0.0,-2.0,0.48214285714285715,-1.0,-3.0,0.0,-1.0,0.0,-2.0,-1.0,1.0,0.0
-3.0,0.11764705882352941,-2.0,-3.0,0.08352591614394189,-2.0,-2.0,0.6666666666666666,-1.0,-1.0,0.3333333333333333,-1.0,0.08928571428571429,-1.0,-3.0,0.0,-2.0,0.0,-2.0,-1.0,0.0,0.0
-3.0,0.08823529411764706,-2.0,-4.0,0.05827005612413338,-1.0,-2.0,1.0,-1.0,-2.0,1.0,-2.0,0.14285714285714285,-1.0,-1.0,0.0,-2.0,0.0,-2.0,-1.0,1.0,1.0
-1.0,0.25,-2.0,-1.0,0.1709585121602289,-4.0,-5.0,1.0,-2.0,-1.0,0.3333333333333333,-4.0,0.17857142857142858,-2.0,-1.0,0.0,-1.0,0.0,-2.0,-1.0,1.0,0.0
-3.0,0.47058823529411764,-2.0,-3.0,0.590073731704633,-2.0,-4.0,1.0,-2.0,-1.0,0.3333333333333333,-4.0,0.125,-1.0,-1.0,0.3333333333333333,-3.0,0.0,-1.0,-1.0,1.0,1.0
-4.0,0.11764705882352941,-2.0,-1.0,0.05760977220204688,-2.0,-2.0,0.6666666666666666,-4.0,-1.0,1.0,-1.0,0.07142857142857142,-1.0,-3.0,0.0,-1.0,0.0,-2.0,-1.0,0.0,0.0
-2.0,0.20588235294117646,-2.0,-5.0,0.7002310993727303,-2.0,-4.0,0.6666666666666666,-2.0,-1.0,1.0,-3.0,0.3392857142857143,-1.0,-2.0,0.0,-3.0,0.0,-1.0,-1.0,1.0,1.0
-2.0,0.11764705882352941,-1.0,-1.0,0.18284362275778585,-2.0,-2.0,0.0,-2.0,-1.0,0.0,-1.0,0.07142857142857142,-1.0,-1.0,0.0,-2.0,0.0,-2.0,-1.0,0.0,0.0
-1.0,0.11764705882352941,-5.0,-1.0,0.10448993067018818,-2.0,-2.0,1.0,-3.0,-1.0,0.0,-3.0,0.17857142857142858,-1.0,-2.0,0.0,-1.0,0.0,-2.0,-1.0,1.0,1.0
-2.0,0.07352941176470588,-1.0,-3.0,0.09183448883019699,-2.0,-3.0,1.0,-1.0,-1.0,0.6666666666666666,-4.0,0.2857142857142857,-1.0,-3.0,0.0,-1.0,0.0,-1.0,-1.0,1.0,0.0
-3.0,0.20588235294117646,-2.0,-1.0,0.23902277979531197,-2.0,-5.0,0.6666666666666666,-1.0,-1.0,0.3333333333333333,-4.0,0.23214285714285715,-1.0,-1.0,0.0,-1.0,0.0,-1.0,-1.0,1.0,0.0
-3.0,0.8235294117647058,-2.0,-4.0,0.5566193463189172,-2.0,-1.0,0.3333333333333333,-1.0,-1.0,1.0,-2.0,0.4107142857142857,-1.0,-1.0,0.0,-3.0,0.0,-1.0,-1.0,1.0,0.0
-3.0,0.29411764705882354,-2.0,-3.0,0.28947947617475517,-5.0,-2.0,1.0,-1.0,-1.0,0.0,-4.0,0.10714285714285714,-3.0,-1.0,0.0,-1.0,0.0,-2.0,-1.0,1.0,0.0
-3.0,0.11764705882352941,-2.0,-1.0,0.1116430064927919,-1.0,-2.0,1.0,-1.0,-1.0,1.0,-3.0,0.32142857142857145,-1.0,-2.0,0.0,-1.0,0.0,-1.0,-1.0,1.0,0.0
-2.0,0.47058823529411764,-2.0,-1.0,0.11406404754044239,-2.0,-3.0,1.0,-1.0,-1.0,1.0,-4.0,0.08928571428571429,-1.0,-3.0,0.0,-1.0,0.0,-2.0,-1.0,0.0,0.0
-2.0,0.07352941176470588,-2.0,-1.0,0.045779685264663805,-2.0,-1.0,1.0,-1.0,-1.0,1.0,-4.0,0.14285714285714285,-1.0,-1.0,0.3333333333333333,-2.0,0.0,-2.0,-1.0,1.0,0.0
-2.0,0.29411764705882354,-2.0,-1.0,0.09843732805106195,-2.0,-5.0,0.0,-4.0,-1.0,0.0,-2.0,0.05357142857142857,-1.0,-1.0,0.0,-1.0,0.0,-1.0,-1.0,0.0,1.0
-3.0,0.47058823529411764,-1.0,-1.0,0.17013315725762077,-1.0,-1.0,1.0,-1.0,-1.0,0.3333333333333333,-4.0,0.5714285714285714,-1.0,-1.0,0.0,-1.0,0.0,-1.0,-1.0,1.0,0.0
-1.0,0.07352941176470588,-2.0,-3.0,0.10377462308792781,-2.0,-2.0,0.6666666666666666,-1.0,-1.0,0.3333333333333333,-1.0,0.10714285714285714,-1.0,-1.0,0.0,-1.0,0.0,-2.0,-1.0,1.0,0.0
-3.0,0.47058823529411764,-3.0,-6.0,0.5129305601408606,-2.0,-5.0,0.0,-3.0,-1.0,0.0,-4.0,0.16071428571428573,-1.0,-1.0,0.3333333333333333,-1.0,0.0,-2.0,-1.0,1.0,1.0
-1.0,0.029411764705882353,-2.0,-3.0,0.009794211510949708,-2.0,-1.0,0.3333333333333333,-2.0,-1.0,0.0,-2.0,0.5357142857142857,-2.0,-1.0,0.0,-1.0,0.0,-1.0,-1.0,1.0,0.0
-3.0,0.6470588235294118,-1.0,-6.0,0.4060195884230219,-1.0,-1.0,1.0,-3.0,-1.0,0.3333333333333333,-4.0,0.48214285714285715,-2.0,-1.0,0.3333333333333333,-3.0,1.0,-2.0,-1.0,1.0,0.0
-1.0,0.47058823529411764,-5.0,-3.0,0.13733905579399142,-2.0,-1.0,1.0,-1.0,-1.0,1.0,-4.0,0.21428571428571427,-2.0,-1.0,0.0,-1.0,0.0,-2.0,-1.0,1.0,1.0
-4.0,0.11764705882352941,-2.0,-3.0,0.06734896005282272,-2.0,-5.0,1.0,-2.0,-1.0,0.0,-2.0,0.25,-2.0,-1.0,0.0,-3.0,0.0,-1.0,-1.0,1.0,0.0
-3.0,0.47058823529411764,-3.0,-1.0,0.2313194673709695,-2.0,-2.0,1.0,-2.0,-1.0,1.0,-1.0,0.26785714285714285,-1.0,-1.0,0.3333333333333333,-1.0,0.0,-2.0,-1.0,1.0,0.0
-3.0,0.029411764705882353,-2.0,-5.0,0.05425332893144052,-3.0,-2.0,0.3333333333333333,-1.0,-1.0,1.0,-2.0,0.5535714285714286,-1.0,-3.0,0.0,-1.0,0.0,-2.0,-1.0,1.0,0.0
-2.0,0.29411764705882354,-1.0,-9.0,0.6431165401122483,-2.0,-2.0,0.3333333333333333,-1.0,-3.0,0.6666666666666666,-4.0,0.35714285714285715,-1.0,-1.0,0.3333333333333333,-3.0,1.0,-1.0,-1.0,1.0,1.0
-2.0,0.16176470588235295,-3.0,-8.0,0.06943985913942996,-4.0,-2.0,0.6666666666666666,-4.0,-1.0,0.6666666666666666,-2.0,0.75,-3.0,-1.0,0.3333333333333333,-1.0,0.0,-2.0,-1.0,1.0,1.0
-3.0,0.11764705882352941,-1.0,-1.0,0.05447342357213602,-1.0,-1.0,1.0,-2.0,-1.0,0.3333333333333333,-1.0,0.3392857142857143,-1.0,-1.0,0.3333333333333333,-1.0,0.0,-1.0,-1.0,1.0,0.0
-2.0,0.25,-1.0,-3.0,0.13728403213381754,-4.0,-3.0,0.6666666666666666,-1.0,-1.0,0.3333333333333333,-4.0,0.23214285714285715,-1.0,-1.0,0.3333333333333333,-1.0,0.0,-1.0,-1.0,1.0,0.0
-2.0,0.029411764705882353,-3.0,-3.0,0.044018928139099814,-2.0,-4.0,1.0,-1.0,-1.0,0.0,-2.0,0.2857142857142857,-3.0,-1.0,0.3333333333333333,-3.0,0.0,-1.0,-1.0,1.0,0.0
-2.0,0.029411764705882353,-3.0,-4.0,0.0527676901067459,-2.0,-4.0,1.0,-1.0,-1.0,1.0,-2.0,0.5,-1.0,-1.0,0.0,-3.0,0.0,-1.0,-1.0,1.0,1.0
-2.0,0.11764705882352941,-2.0,-1.0,0.049796412457356665,-2.0,-1.0,0.6666666666666666,-4.0,-2.0,0.6666666666666666,-1.0,0.375,-2.0,-1.0,0.3333333333333333,-2.0,0.0,-2.0,-1.0,1.0,0.0
-2.0,0.6470588235294118,-4.0,-4.0,0.44613183668977663,-3.0,-5.0,0.0,-2.0,-1.0,0.0,-4.0,0.19642857142857142,-1.0,-1.0,0.3333333333333333,-1.0,0.0,-2.0,-1.0,1.0,0.0
-3.0,0.20588235294117646,-1.0,-5.0,0.19808517662594916,-2.0,-3.0,0.6666666666666666,-1.0,-1.0,0.0,-4.0,0.14285714285714285,-1.0,-1.0,0.3333333333333333,-1.0,0.0,-2.0,-1.0,1.0,0.0
-1.0,0.11764705882352941,-2.0,-4.0,0.050511720039617035,-2.0,-2.0,1.0,-4.0,-1.0,0.6666666666666666,-1.0,0.14285714285714285,-1.0,-1.0,0.0,-2.0,0.0,-2.0,-1.0,1.0,0.0
-3.0,0.38235294117647056,-5.0,-5.0,0.3980961813579839,-1.0,-4.0,1.0,-2.0,-1.0,0.0,-1.0,0.6071428571428571,-2.0,-1.0,0.0,-3.0,0.0,-1.0,-1.0,1.0,1.0
-3.0,0.11764705882352941,-2.0,-1.0,0.15456146142841423,-4.0,-3.0,0.3333333333333333,-3.0,-1.0,1.0,-1.0,0.75,-1.0,-1.0,0.0,-2.0,0.0,-2.0,-1.0,1.0,0.0
-2.0,0.6470588235294118,-5.0,-4.0,0.6558270056124134,-1.0,-4.0,1.0,-1.0,-3.0,1.0,-3.0,0.30357142857142855,-1.0,-2.0,0.0,-3.0,0.0,-1.0,-1.0,1.0,0.0
-3.0,0.47058823529411764,-1.0,-5.0,0.3004842082095301,-4.0,-1.0,1.0,-1.0,-1.0,0.3333333333333333,-4.0,0.3392857142857143,-1.0,-1.0,0.3333333333333333,-3.0,0.0,-1.0,-1.0,1.0,0.0
-3.0,0.16176470588235295,-5.0,-1.0,0.07257620776934082,-5.0,-1.0,1.0,-1.0,-1.0,1.0,-4.0,0.26785714285714285,-2.0,-1.0,0.0,-2.0,1.0,-2.0,-1.0,1.0,0.0
-3.0,0.029411764705882353,-2.0,-10.0,0.05436337625178827,-1.0,-4.0,1.0,-1.0,-1.0,1.0,-2.0,0.30357142857142855,-1.0,-1.0,0.0,-3.0,1.0,-1.0,-1.0,1.0,0.0
-1.0,0.029411764705882353,-2.0,-4.0,0.061846594035435236,-1.0,-4.0,1.0,-2.0,-1.0,0.6666666666666666,-2.0,1.0,-1.0,-1.0,0.0,-3.0,0.0,-1.0,-1.0,1.0,0.0
-3.0,0.029411764705882353,-2.0,-1.0,0.060305931550566745,-5.0,-1.0,0.3333333333333333,-1.0,-1.0,1.0,-3.0,0.4107142857142857,-2.0,-2.0,0.0,-1.0,1.0,-1.0,-1.0,1.0,0.0
-2.0,0.23529411764705882,-3.0,-5.0,0.3745460548035655,-1.0,-3.0,0.6666666666666666,-1.0,-1.0,1.0,-2.0,0.30357142857142855,-2.0,-3.0,0.3333333333333333,-3.0,1.0,-1.0,-1.0,1.0,0.0
-2.0,0.11764705882352941,-2.0,-3.0,0.13821943435677342,-1.0,-1.0,0.0,-2.0,-1.0,0.3333333333333333,-2.0,0.10714285714285714,-2.0,-1.0,0.0,-1.0,0.0,-1.0,-1.0,1.0,1.0
-2.0,0.3235294117647059,-2.0,-5.0,0.4245625619016177,-2.0,-5.0,0.3333333333333333,-1.0,-1.0,0.6666666666666666,-4.0,0.19642857142857142,-1.0,-1.0,0.3333333333333333,-1.0,0.0,-2.0,-1.0,1.0,0.0
-3.0,0.029411764705882353,-2.0,-3.0,0.07114559260482008,-4.0,-2.0,1.0,-3.0,-1.0,0.3333333333333333,-1.0,0.25,-1.0,-1.0,0.0,-1.0,0.0,-2.0,-1.0,1.0,0.0
-2.0,0.38235294117647056,-1.0,-4.0,0.27423792230659183,-2.0,-4.0,1.0,-4.0,-1.0,0.3333333333333333,-4.0,0.16071428571428573,-1.0,-1.0,0.3333333333333333,-3.0,0.0,-2.0,-1.0,1.0,1.0
-2.0,0.07352941176470588,-2.0,-1.0,0.029712776493892375,-3.0,-2.0,1.0,-2.0,-1.0,0.6666666666666666,-1.0,0.8392857142857143,-1.0,-1.0,0.0,-2.0,0.0,-2.0,-1.0,1.0,0.0
-3.0,0.29411764705882354,-1.0,-8.0,0.28925938153405967,-2.0,-1.0,0.6666666666666666,-1.0,-1.0,1.0,-3.0,0.44642857142857145,-1.0,-2.0,0.3333333333333333,-1.0,0.0,-2.0,-1.0,1.0,0.0
-3.0,0.20588235294117646,-3.0,-1.0,0.11389897655992076,-2.0,-4.0,0.3333333333333333,-4.0,-1.0,0.6666666666666666,-1.0,0.26785714285714285,-1.0,-1.0,0.3333333333333333,-1.0,0.0,-2.0,-1.0,1.0,0.0
-3.0,0.47058823529411764,-2.0,-5.0,0.24408495653130846,-2.0,-2.0,0.3333333333333333,-1.0,-1.0,0.3333333333333333,-3.0,0.23214285714285715,-1.0,-2.0,0.0,-3.0,0.0,-1.0,-1.0,1.0,0.0
-4.0,0.11764705882352941,-1.0,-4.0,0.06767910201386597,-3.0,-4.0,0.3333333333333333,-1.0,-1.0,1.0,-3.0,0.8392857142857143,-2.0,-2.0,0.6666666666666666,-4.0,0.0,-2.0,-1.0,1.0,0.0
-3.0,0.08823529411764706,-1.0,-3.0,0.1000880378562782,-1.0,-2.0,0.3333333333333333,-4.0,-1.0,0.0,-4.0,0.125,-1.0,-1.0,0.3333333333333333,-1.0,0.0,-2.0,-2.0,1.0,0.0
-2.0,0.38235294117647056,-5.0,-3.0,0.17860680092439749,-4.0,-2.0,1.0,-1.0,-1.0,0.3333333333333333,-4.0,0.26785714285714285,-3.0,-1.0,0.0,-1.0,1.0,-1.0,-1.0,1.0,0.0
-1.0,0.029411764705882353,-2.0,-5.0,0.06063607351160999,-3.0,-4.0,0.0,-2.0,-1.0,0.3333333333333333,-2.0,0.07142857142857142,-1.0,-3.0,0.0,-4.0,0.0,-1.0,-1.0,0.0,0.0
