100,20,2
-2.0,0.20588235294117646,-1.0,-3.0,0.33624958732254867,-2.0,-1.0,0.3333333333333333,-1.0,-1.0,0.0,-3.0,0.39285714285714285,-1.0,-1.0,0.0,-1.0,0.0,-1.0,-1.0,1.0,0.0
-1.0,0.11764705882352941,-2.0,-4.0,0.053813139650049524,-2.0,-2.0,1.0,-2.0,-1.0,0.3333333333333333,-1.0,0.08928571428571429,-1.0,-1.0,0.0,-2.0,0.0,-2.0,-1.0,0.0,1.0
-4.0,0.29411764705882354,-2.0,-1.0,0.2697259821723341,-2.0,-3.0,1.0,-1.0,-1.0,0.3333333333333333,-4.0,0.10714285714285714,-2.0,-1.0,0.0,-1.0,0.0,-2.0,-1.0,1.0,0.0
-3.0,0.07352941176470588,-2.0,-1.0,0.06756905469351822,-2.0,-3.0,1.0,-1.0,-1.0,0.3333333333333333,-4.0,0.05357142857142857,-1.0,-1.0,0.0,-1.0,0.0,-2.0,-1.0,0.0,1.0
-1.0,0.11764705882352941,-2.0,-1.0,0.07868383404864092,-3.0,-1.0,0.6666666666666666,-4.0,-1.0,0.0,-1.0,0.2857142857142857,-1.0,-1.0,0.0,-1.0,0.0,-2.0,-1.0,1.0,0.0
-3.0,0.029411764705882353,-1.0,-3.0,0.0534279740288324,-1.0,-2.0,0.0,-4.0,-1.0,0.3333333333333333,-2.0,0.14285714285714285,-1.0,-1.0,0.3333333333333333,-1.0,0.0,-2.0,-1.0,1.0,0.0
-1.0,0.29411764705882354,-2.0,-1.0,0.18763068119291296,-2.0,-2.0,0.3333333333333333,-2.0,-1.0,1.0,-4.0,0.16071428571428573,-1.0,-1.0,0.0,-1.0,0.0,-2.0,-1.0,1.0,0.0
-3.0,0.47058823529411764,-1.0,-5.0,0.5627269725982172,-1.0,-1.0,0.3333333333333333,-1.0,-1.0,1.0,-3.0,0.4107142857142857,-1.0,-2.0,0.3333333333333333,-1.0,0.0,-2.0,-1.0,1.0,0.0
-3.0,0.16176470588235295,-1.0,-1.0,0.06652360515021459,-2.0,-2.0,1.0,-2.0,-1.0,0.3333333333333333,-4.0,0.42857142857142855,-1.0,-1.0,0.0,-2.0,0.0,-2.0,-1.0,1.0,0.0
-1.0,0.20588235294117646,-2.0,-3.0,0.1870804445911742,-2.0,-5.0,0.0,-2.0,-1.0,1.0,-4.0,0.05357142857142857,-1.0,-3.0,0.0,-1.0,0.0,-2.0,-1.0,0.0,0.0
-3.0,0.29411764705882354,-2.0,-5.0,0.4161989655551887,-2.0,-3.0,0.6666666666666666,-1.0,-1.0,0.6666666666666666,-4.0,0.3392857142857143,-1.0,-1.0,0.0,-3.0,0.0,-1.0,-1.0,1.0,0.0
-3.0,0.29411764705882354,-2.0,-1.0,0.11813579839330912,-3.0,-1.0,0.6666666666666666,-1.0,-1.0,0.3333333333333333,-4.0,0.2857142857142857,-2.0,-1.0,0.3333333333333333,-1.0,0.0,-1.0,-1.0,1.0,1.0
-3.0,0.29411764705882354,-2.0,-1.0,0.18548475844613183,-5.0,-1.0,0.3333333333333333,-1.0,-1.0,1.0,-4.0,0.21428571428571427,-1.0,-1.0,0.3333333333333333,-1.0,0.0,-2.0,-1.0,1.0,1.0
-2.0,0.6470588235294118,-2.0,-1.0,0.31368988665126,-2.0,-2.0,0.3333333333333333,-2.0,-1.0,0.3333333333333333,-1.0,0.05357142857142857,-1.0,-1.0,0.0,-1.0,0.0,-2.0,-1.0,0.0,1.0
-3.0,0.20588235294117646,-1.0,-1.0,0.0466600638274458,-2.0,-4.0,1.0,-2.0,-1.0,1.0,-4.0,0.8214285714285714,-1.0,-1.0,0.3333333333333333,-4.0,0.0,-2.0,-1.0,1.0,0.0
-1.0,0.20588235294117646,-1.0,-1.0,0.08968856608341587,-2.0,-3.0,1.0,-4.0,-1.0,0.0,-2.0,0.23214285714285715,-1.0,-1.0,0.3333333333333333,-3.0,0.0,-1.0,-1.0,1.0,0.0
-2.0,0.29411764705882354,-3.0,-4.0,0.09436557719819523,-1.0,-2.0,1.0,-2.0,-1.0,1.0,-4.0,0.4107142857142857,-1.0,-3.0,0.3333333333333333,-1.0,0.0,-1.0,-1.0,1.0,0.0
-1.0,0.6470588235294118,-2.0,-4.0,0.20254209310003302,-2.0,-3.0,1.0,-1.0,-1.0,1.0,-3.0,0.48214285714285715,-1.0,-2.0,0.0,-1.0,1.0,-2.0,-1.0,1.0,1.0
-2.0,0.3382352941176471,-2.0,-6.0,0.1253438978760867,-2.0,-5.0,1.0,-2.0,-1.0,0.0,-2.0,0.23214285714285715,-1.0,-1.0,0.0,-1.0,1.0,-1.0,-1.0,1.0,0.0
-3.0,0.07352941176470588,-1.0,-4.0,0.10366457576758006,-2.0,-2.0,1.0,-1.0,-1.0,1.0,-4.0,0.5178571428571429,-1.0,-1.0,0.6666666666666666,-1.0,0.0,-1.0,-1.0,1.0,0.0
-2.0,0.20588235294117646,-1.0,-3.0,0.05749972488169913,-2.0,-5.0,1.0,-2.0,-1.0,0.0,-2.0,0.14285714285714285,-1.0,-1.0,0.3333333333333333,-1.0,0.0,-2.0,-1.0,1.0,0.0
-3.0,0.08823529411764706,-2.0,-1.0,0.09210960713106636,-2.0,-2.0,0.0,-1.0,-1.0,1.0,-2.0,0.3392857142857143,-1.0,-1.0,0.0,-1.0,0.0,-1.0,-2.0,1.0,0.0
-2.0,0.23529411764705882,-4.0,-5.0,0.32452954770551334,-5.0,-1.0,0.6666666666666666,-4.0,-1.0,1.0,-4.0,0.21428571428571427,-2.0,-1.0,0.3333333333333333,-1.0,0.0,-1.0,-1.0,1.0,0.0
-3.0,0.20588235294117646,-2.0,-1.0,0.06619346318917134,-2.0,-5.0,0.6666666666666666,-2.0,-1.0,0.0,-1.0,0.125,-1.0,-1.0,0.0,-1.0,0.0,-2.0,-1.0,1.0,0.0
-3.0,0.20588235294117646,-2.0,-8.0,0.09315505667436998,-2.0,-5.0,1.0,-2.0,-1.0,1.0,-1.0,0.07142857142857142,-1.0,-1.0,0.0,-1.0,0.0,-2.0,-1.0,0.0,1.0
-3.0,0.47058823529411764,-2.0,-1.0,0.1179707274127875,-1.0,-2.0,1.0,-2.0,-1.0,1.0,-4.0,0.10714285714285714,-1.0,-1.0,0.0,-1.0,0.0,-2.0,-1.0,1.0,0.0
-2.0,0.20588235294117646,-2.0,-1.0,0.057829866842742376,-2.0,-1.0,1.0,-4.0,-2.0,0.3333333333333333,-1.0,0.23214285714285715,-1.0,-1.0,0.0,-2.0,0.0,-2.0,-1.0,1.0,0.0
-2.0,0.16176470588235295,-5.0,-4.0,0.36315615714757343,-5.0,-4.0,0.0,-1.0,-1.0,0.3333333333333333,-2.0,0.26785714285714285,-1.0,-1.0,0.0,-3.0,1.0,-1.0,-1.0,1.0,1.0
-1.0,0.47058823529411764,-2.0,-4.0,0.08759766699680863,-2.0,-5.0,1.0,-2.0,-1.0,1.0,-4.0,0.26785714285714285,-1.0,-1.0,0.0,-1.0,0.0,-1.0,-1.0,1.0,1.0
-3.0,0.29411764705882354,-1.0,-1.0,0.12991086167051832,-2.0,-1.0,1.0,-4.0,-3.0,0.6666666666666666,-1.0,0.48214285714285715,-1.0,-1.0,0.3333333333333333,-1.0,0.0,-2.0,-1.0,1.0,0.0
-2.0,0.29411764705882354,-2.0,-1.0,0.14559260482007264,-5.0,-5.0,0.3333333333333333,-1.0,-1.0,0.0,-4.0,0.17857142857142858,-1.0,-1.0,0.0,-1.0,0.0,-2.0,-1.0,1.0,0.0
-2.0,0.25,-2.0,-3.0,0.20501815780785737,-1.0,-3.0,0.3333333333333333,-1.0,-1.0,0.6666666666666666,-4.0,0.2857142857142857,-1.0,-1.0,0.0,-1.0,0.0,-1.0,-1.0,1.0,0.0
-1.0,0.29411764705882354,-2.0,-3.0,0.4110817651590184,-1.0,-5.0,0.0,-2.0,-1.0,0.3333333333333333,-2.0,0.19642857142857142,-1.0,-1.0,0.0,-1.0,0.0,-1.0,-2.0,1.0,0.0
-3.0,0.029411764705882353,-5.0,-4.0,0.029327610872675252,-1.0,-2.0,0.0,-1.0,-2.0,0.3333333333333333,-1.0,0.125,-3.0,-1.0,0.0,-2.0,1.0,-2.0,-1.0,1.0,0.0
-3.0,0.07352941176470588,-2.0,-4.0,0.12418840101243535,-3.0,-1.0,0.3333333333333333,-1.0,-1.0,1.0,-3.0,0.5714285714285714,-1.0,-2.0,0.0,-2.0,0.0,-2.0,-1.0,1.0,0.0
-3.0,0.20588235294117646,-3.0,-3.0,0.08572686255089688,-2.0,-3.0,1.0,-2.0,-1.0,0.0,-1.0,0.05357142857142857,-1.0,-1.0,0.0,-1.0,0.0,-2.0,-1.0,0.0,1.0
-1.0,0.11764705882352941,-2.0,-3.0,0.12809508088478044,-2.0,-4.0,0.6666666666666666,-2.0,-1.0,1.0,-3.0,0.6428571428571429,-1.0,-2.0,0.0,-3.0,0.0,-2.0,-1.0,1.0,0.0
-3.0,0.029411764705882353,-2.0,-7.0,0.059865742269175744,-3.0,-2.0,0.0,-3.0,-1.0,1.0,-1.0,0.7678571428571429,-1.0,-1.0,0.0,-1.0,0.0,-2.0,-1.0,1.0,0.0
-1.0,0.29411764705882354,-2.0,-1.0,0.0928799383735006,-2.0,-5.0,1.0,-3.0,-1.0,0.6666666666666666,-2.0,0.23214285714285715,-1.0,-1.0,0.0,-1.0,0.0,-2.0,-1.0,1.0,1.0
-2.0,0.47058823529411764,-2.0,-1.0,0.2500825354902608,-2.0,-5.0,1.0,-2.0,-1.0,0.0,-3.0,0.19642857142857142,-1.0,-1.0,0.0,-3.0,0.0,-1.0,-1.0,1.0,0.0
-1.0,0.10294117647058823,-1.0,-4.0,0.20298228238142402,-2.0,-2.0,0.0,-1.0,-1.0,0.3333333333333333,-1.0,0.375,-1.0,-1.0,0.3333333333333333,-2.0,1.0,-2.0,-1.0,1.0,0.0
-2.0,0.11764705882352941,-2.0,-1.0,0.06789919665456146,-1.0,-2.0,0.3333333333333333,-4.0,-1.0,0.0,-1.0,0.10714285714285714,-1.0,-1.0,0.0,-1.0,0.0,-1.0,-1.0,1.0,1.0
-3.0,0.07352941176470588,-2.0,-3.0,0.05849015076482888,-2.0,-1.0,0.0,-1.0,-1.0,1.0,-4.0,0.017857142857142856,-1.0,-1.0,0.0,-1.0,0.0,-2.0,-1.0,0.0,0.0
-1.0,0.11764705882352941,-2.0,-3.0,0.025200836359634642,-2.0,-2.0,0.3333333333333333,-1.0,-2.0,0.6666666666666666,-2.0,0.3392857142857143,-1.0,-1.0,0.0,-2.0,1.0,-2.0,-1.0,1.0,0.0
-1.0,0.29411764705882354,-2.0,-3.0,0.21563772422141522,-2.0,-2.0,1.0,-1.0,-1.0,1.0,-2.0,0.16071428571428573,-1.0,-1.0,0.0,-1.0,0.0,-2.0,-1.0,1.0,0.0
-2.0,0.29411764705882354,-1.0,-1.0,0.08215032463959503,-2.0,-1.0,1.0,-1.0,-1.0,0.3333333333333333,-2.0,0.5178571428571429,-1.0,-1.0,0.3333333333333333,-2.0,0.0,-2.0,-1.0,1.0,0.0
-3.0,0.11764705882352941,-1.0,-4.0,0.05023660173874766,-3.0,-2.0,1.0,-1.0,-1.0,1.0,-1.0,0.44642857142857145,-1.0,-1.0,0.0,-1.0,0.0,-1.0,-1.0,1.0,0.0
-3.0,0.11764705882352941,-1.0,-4.0,0.0237702211951139,-5.0,-3.0,1.0,-2.0,-1.0,0.6666666666666666,-4.0,0.5714285714285714,-1.0,-1.0,0.3333333333333333,-1.0,0.0,-1.0,-1.0,1.0,0.0
-3.0,0.29411764705882354,-1.0,-1.0,0.13392758886321118,-2.0,-2.0,1.0,-1.0,-1.0,0.3333333333333333,-1.0,0.2857142857142857,-1.0,-1.0,0.3333333333333333,-2.0,0.0,-2.0,-1.0,1.0,0.0
-2.0,0.20588235294117646,-2.0,-4.0,0.3090128755364807,-5.0,-2.0,0.3333333333333333,-1.0,-1.0,0.3333333333333333,-4.0,0.19642857142857142,-1.0,-1.0,0.3333333333333333,-1.0,0.0,-1.0,-1.0,1.0,0.0
-3.0,0.20588235294117646,-1.0,-1.0,0.10938703642566304,-2.0,-2.0,0.3333333333333333,-2.0,-1.0,0.0,-4.0,0.10714285714285714,-1.0,-1.0,0.3333333333333333,-1.0,0.0,-2.0,-1.0,1.0,0.0
-3.0,0.29411764705882354,-3.0,-6.0,0.46208869814020026,-2.0,-5.0,0.3333333333333333,-1.0,-1.0,0.3333333333333333,-4.0,0.14285714285714285,-2.0,-1.0,0.3333333333333333,-1.0,0.0,-1.0,-1.0,1.0,1.0
-2.0,0.29411764705882354,-1.0,-3.0,0.2468361395400022,-2.0,-5.0,0.3333333333333333,-2.0,-1.0,1.0,-4.0,0.10714285714285714,-2.0,-1.0,0.0,-2.0,0.0,-2.0,-1.0,1.0,1.0
-2.0,0.38235294117647056,-2.0,-3.0,0.1970947507428194,-2.0,-5.0,0.3333333333333333,-4.0,-1.0,0.0,-2.0,0.05357142857142857,-1.0,-1.0,0.0,-1.0,0.0,-2.0,-1.0,0.0,0.0
-1.0,0.29411764705882354,-5.0,-4.0,0.05188731154396391,-2.0,-4.0,0.0,-2.0,-3.0,1.0,-3.0,0.17857142857142858,-1.0,-3.0,0.3333333333333333,-4.0,0.0,-2.0,-1.0,1.0,1.0
-2.0,0.47058823529411764,-5.0,-7.0,0.20578848905029162,-1.0,-5.0,0.6666666666666666,-2.0,-1.0,0.3333333333333333,-3.0,0.17857142857142858,-2.0,-1.0,0.0,-4.0,0.0,-2.0,-1.0,1.0,0.0
-2.0,0.25,-3.0,-4.0,0.11571475734565863,-2.0,-2.0,0.0,-3.0,-1.0,1.0,-2.0,0.5,-1.0,-1.0,0.3333333333333333,-1.0,0.0,-2.0,-1.0,1.0,0.0
-1.0,0.20588235294117646,-2.0,-1.0,0.11769560911191812,-2.0,-5.0,1.0,-2.0,-1.0,0.0,-4.0,0.14285714285714285,-3.0,-1.0,0.0,-1.0,0.0,-2.0,-1.0,1.0,0.0
-3.0,0.11764705882352941,-1.0,-8.0,0.041047650489710576,-1.0,-3.0,1.0,-2.0,-1.0,1.0,-1.0,0.07142857142857142,-1.0,-1.0,0.3333333333333333,-1.0,0.0,-2.0,-1.0,0.0,0.0
-2.0,0.11764705882352941,-2.0,-10.0,0.027731924727632883,-1.0,-1.0,1.0,-1.0,-1.0,1.0,-2.0,0.3392857142857143,-1.0,-1.0,0.3333333333333333,-1.0,0.0,-2.0,-1.0,1.0,0.0
-1.0,0.29411764705882354,-2.0,-4.0,0.2512930560140861,-2.0,-3.0,0.3333333333333333,-1.0,-3.0,0.6666666666666666,-2.0,0.21428571428571427,-1.0,-1.0,0.0,-1.0,0.0,-1.0,-1.0,1.0,1.0
-2.0,0.38235294117647056,-3.0,-6.0,0.12396830637173985,-5.0,-1.0,1.0,-1.0,-1.0,0.3333333333333333,-2.0,0.39285714285714285,-3.0,-1.0,0.3333333333333333,-1.0,0.0,-2.0,-1.0,1.0,0.0
-3.0,0.5147058823529411,-2.0,-5.0,0.4587872785297678,-5.0,-1.0,1.0,-1.0,-1.0,0.3333333333333333,-4.0,0.4642857142857143,-1.0,-1.0,0.0,-3.0,0.0,-1.0,-1.0,1.0,0.0
-1.0,0.29411764705882354,-2.0,-4.0,0.06558820292725873,-2.0,-3.0,1.0,-2.0,-1.0,1.0,-4.0,0.07142857142857142,-1.0,-3.0,0.3333333333333333,-1.0,0.0,-2.0,-1.0,0.0,1.0
-1.0,0.6470588235294118,-2.0,-5.0,0.5528227137669198,-2.0,-3.0,1.0,-1.0,-1.0,1.0,-3.0,0.35714285714285715,-3.0,-2.0,0.6666666666666666,-1.0,1.0,-1.0,-1.0,1.0,1.0
-3.0,0.16176470588235295,-2.0,-1.0,0.18256850445691647,-2.0,-1.0,1.0,-2.0,-1.0,0.3333333333333333,-4.0,0.625,-2.0,-3.0,0.0,-3.0,0.0,-1.0,-1.0,1.0,0.0
-3.0,0.029411764705882353,-2.0,-3.0,0.23995818201826785,-2.0,-5.0,0.0,-2.0,-1.0,1.0,-2.0,0.23214285714285715,-1.0,-1.0,0.0,-1.0,0.0,-2.0,-1.0,1.0,1.0
-2.0,0.38235294117647056,-4.0,-6.0,0.2184989545504567,-2.0,-2.0,0.3333333333333333,-2.0,-1.0,0.0,-4.0,0.16071428571428573,-1.0,-1.0,0.3333333333333333,-1.0,0.0,-2.0,-1.0,1.0,0.0
-3.0,0.11764705882352941,-2.0,-5.0,0.06399251678221635,-4.0,-3.0,0.6666666666666666,-1.0,-1.0,0.3333333333333333,-2.0,0.6428571428571429,-1.0,-1.0,0.0,-1.0,0.0,-2.0,-2.0,1.0,0.0
-3.0,0.11764705882352941,-2.0,-2.0,0.06289204357873886,-2.0,-1.0,1.0,-1.0,-1.0,1.0,-2.0,0.5,-2.0,-1.0,0.6666666666666666,-1.0,1.0,-1.0,-1.0,1.0,0.0
-4.0,0.0,-2.0,-4.0,0.06844943325630021,-1.0,-5.0,0.0,-1.0,-1.0,0.3333333333333333,-1.0,0.17857142857142858,-1.0,-1.0,0.0,-2.0,1.0,-2.0,-2.0,1.0,0.0
-3.0,0.29411764705882354,-2.0,-1.0,0.07059535600308132,-2.0,-5.0,1.0,-2.0,-1.0,0.6666666666666666,-4.0,0.3392857142857143,-3.0,-1.0,0.0,-1.0,0.0,-1.0,-1.0,1.0,0.0
-1.0,0.47058823529411764,-2.0,-2.0,0.09502586112028172,-1.0,-1.0,1.0,-1.0,-1.0,1.0,-3.0,0.375,-1.0,-1.0,0.0,-3.0,0.0,-1.0,-1.0,1.0,1.0
-2.0,0.11764705882352941,-4.0,-10.0,0.06382744580169473,-2.0,-2.0,0.3333333333333333,-1.0,-1.0,0.3333333333333333,-1.0,0.21428571428571427,-1.0,-1.0,0.0,-2.0,0.0,-1.0,-1.0,1.0,0.0
-2.0,0.17647058823529413,-1.0,-4.0,0.05089688566083416,-2.0,-4.0,0.3333333333333333,-1.0,-1.0,0.6666666666666666,-4.0,0.875,-1.0,-2.0,0.6666666666666666,-4.0,0.0,-1.0,-1.0,1.0,0.0
-1.0,0.6470588235294118,-2.0,-6.0,0.2232860129855838,-2.0,-5.0,0.6666666666666666,-2.0,-1.0,1.0,-2.0,0.08928571428571429,-1.0,-3.0,0.0,-1.0,0.0,-2.0,-1.0,0.0,1.0
-2.0,0.8235294117647058,-3.0,-1.0,0.3944095961263343,-1.0,-2.0,0.0,-1.0,-1.0,0.0,-1.0,0.14285714285714285,-1.0,-1.0,0.0,-2.0,0.0,-2.0,-1.0,1.0,0.0
-1.0,0.07352941176470588,-1.0,-1.0,0.048861010234400794,-2.0,-2.0,1.0,-1.0,-1.0,1.0,-1.0,0.10714285714285714,-1.0,-1.0,0.3333333333333333,-2.0,0.0,-2.0,-1.0,1.0,0.0
-3.0,0.029411764705882353,-1.0,-4.0,0.0,-4.0,-2.0,0.3333333333333333,-2.0,-1.0,0.3333333333333333,-1.0,0.39285714285714285,-2.0,-1.0,0.3333333333333333,-2.0,0.0,-2.0,-1.0,1.0,0.0
-1.0,0.11764705882352941,-2.0,-3.0,0.12804005722460657,-2.0,-2.0,0.3333333333333333,-3.0,-1.0,0.0,-4.0,0.4107142857142857,-1.0,-1.0,0.0,-1.0,0.0,-2.0,-1.0,1.0,0.0
-4.0,0.029411764705882353,-1.0,-4.0,0.05904038736656762,-5.0,-1.0,0.3333333333333333,-3.0,-1.0,1.0,-4.0,0.16071428571428573,-1.0,-1.0,0.3333333333333333,-1.0,1.0,-1.0,-1.0,1.0,0.0
-3.0,0.29411764705882354,-1.0,-5.0,0.36271596786618243,-1.0,-2.0,0.3333333333333333,-1.0,-1.0,1.0,-2.0,0.48214285714285715,-1.0,-1.0,0.3333333333333333,-3.0,1.0,-1.0,-1.0,1.0,0.0
-1.0,0.07352941176470588,-1.0,-8.0,0.057114559260482006,-5.0,-1.0,0.6666666666666666,-1.0,-2.0,1.0,-1.0,0.5178571428571429,-1.0,-1.0,0.3333333333333333,-1.0,1.0,-2.0,-2.0,1.0,0.0
-2.0,0.04411764705882353,-2.0,-1.0,0.1279850335644327,-2.0,-2.0,0.3333333333333333,-1.0,-2.0,0.3333333333333333,-1.0,0.2857142857142857,-1.0,-1.0,0.0,-1.0,0.0,-2.0,-1.0,1.0,0.0
-1.0,0.11764705882352941,-3.0,-4.0,0.060195884230218995,-2.0,-2.0,1.0,-1.0,-1.0,0.3333333333333333,-1.0,0.42857142857142855,-1.0,-1.0,0.3333333333333333,-2.0,1.0,-2.0,-1.0,1.0,0.0
-2.0,0.29411764705882354,-2.0,-1.0,0.19302299988995267,-3.0,-4.0,0.0,-2.0,-1.0,1.0,-3.0,0.07142857142857142,-1.0,-3.0,0.0,-4.0,0.0,-2.0,-1.0,0.0,0.0
-1.0,0.25,-3.0,-2.0,0.17409486079013975,-2.0,-5.0,0.3333333333333333,-1.0,-1.0,0.0,-2.0,0.125,-1.0,-1.0,0.3333333333333333,-1.0,0.0,-2.0,-1.0,1.0,1.0
-1.0,0.029411764705882353,-1.0,-1.0,0.05056674369979091,-1.0,-1.0,1.0,-1.0,-1.0,1.0,-1.0,0.8571428571428571,-1.0,-1.0,0.3333333333333333,-1.0,0.0,-1.0,-1.0,1.0,0.0
-3.0,0.29411764705882354,-1.0,-2.0,0.09227467811158799,-1.0,-2.0,0.6666666666666666,-2.0,-1.0,0.3333333333333333,-4.0,0.25,-1.0,-1.0,0.3333333333333333,-1.0,0.0,-1.0,-1.0,1.0,0.0
-3.0,0.29411764705882354,-1.0,-5.0,0.10713106635853417,-1.0,-3.0,1.0,-1.0,-1.0,1.0,-4.0,0.42857142857142855,-1.0,-1.0,0.3333333333333333,-1.0,1.0,-1.0,-1.0,1.0,0.0
-2.0,0.11764705882352941,-2.0,-3.0,0.038571585781886214,-5.0,-5.0,1.0,-2.0,-1.0,1.0,-4.0,0.14285714285714285,-2.0,-3.0,1.0,-1.0,0.0,-2.0,-1.0,1.0,1.0
-2.0,0.20588235294117646,-1.0,-3.0,0.09232970177176186,-2.0,-5.0,0.3333333333333333,-1.0,-1.0,0.3333333333333333,-1.0,0.21428571428571427,-1.0,-1.0,0.3333333333333333,-2.0,0.0,-2.0,-1.0,1.0,1.0
-2.0,0.6470588235294118,-5.0,-6.0,0.33927588863211183,-2.0,-1.0,1.0,-2.0,-1.0,0.6666666666666666,-3.0,0.7142857142857143,-1.0,-3.0,0.0,-1.0,0.0,-2.0,-1.0,1.0,1.0
-1.0,0.16176470588235295,-4.0,-4.0,0.03851656212171234,-2.0,-1.0,1.0,-1.0,-1.0,0.6666666666666666,-4.0,0.25,-1.0,-3.0,0.3333333333333333,-1.0,1.0,-2.0,-1.0,1.0,1.0
-4.0,0.20588235294117646,-2.0,-3.0,0.14383184769450863,-2.0,-2.0,0.3333333333333333,-1.0,-1.0,0.0,-1.0,0.26785714285714285,-1.0,-1.0,0.0,-2.0,1.0,-2.0,-1.0,1.0,1.0
-2.0,0.38235294117647056,-2.0,-3.0,0.17558049961483438,-5.0,-2.0,0.3333333333333333,-2.0,-3.0,1.0,-4.0,0.03571428571428571,-1.0,-3.0,0.0,-1.0,0.0,-2.0,-1.0,0.0,1.0
-3.0,0.47058823529411764,-2.0,-4.0,0.1556619346318917,-1.0,-2.0,1.0,-1.0,-1.0,1.0,-1.0,0.30357142857142855,-1.0,-1.0,0.0,-1.0,0.0,-2.0,-1.0,1.0,0.0
-3.0,0.25,-3.0,-3.0,0.07378672829316606,-5.0,-3.0,1.0,-1.0,-1.0,0.6666666666666666,-1.0,0.26785714285714285,-1.0,-1.0,0.3333333333333333,-3.0,0.0,-2.0,-1.0,1.0,0.0
-1.0,0.11764705882352941,-1.0,-4.0,0.02426543413667877,-2.0,-1.0,1.0,-1.0,-1.0,0.6666666666666666,-2.0,0.2857142857142857,-1.0,-1.0,0.3333333333333333,-1.0,0.0,-2.0,-1.0,1.0,1.0
-1.0,0.20588235294117646,-1.0,-3.0,0.10311433916584131,-2.0,-2.0,1.0,-2.0,-1.0,1.0,-1.0,0.08928571428571429,-1.0,-3.0,0.3333333333333333,-1.0,0.0,-2.0,-1.0,0.0,1.0
