100,20,2
-1.0,0.23529411764705882,-1.0,-4.0,0.10922196544514141,-2.0,-2.0,1.0,-4.0,-2.0,0.3333333333333333,-2.0,0.25,-2.0,-3.0,0.3333333333333333,-1.0,0.0,-2.0,-2.0,1.0,1.0
-3.0,0.29411764705882354,-1.0,-3.0,0.09783206778914934,-2.0,-3.0,0.3333333333333333,-1.0,-1.0,0.3333333333333333,-2.0,0.19642857142857142,-1.0,-1.0,0.3333333333333333,-2.0,0.0,-2.0,-1.0,1.0,0.0
-1.0,0.08823529411764706,-1.0,-4.0,0.10955210740618467,-2.0,-5.0,0.0,-1.0,-1.0,0.6666666666666666,-1.0,0.5178571428571429,-1.0,-3.0,0.3333333333333333,-2.0,1.0,-2.0,-2.0,1.0,0.0
-2.0,0.07352941176470588,-2.0,-1.0,0.05260261912622428,-2.0,-1.0,1.0,-2.0,-1.0,1.0,-1.0,0.10714285714285714,-1.0,-1.0,0.0,-1.0,0.0,-2.0,-1.0,1.0,0.0
-2.0,0.29411764705882354,-3.0,-3.0,0.11461428414218114,-1.0,-5.0,1.0,-1.0,-1.0,0.3333333333333333,-2.0,0.17857142857142858,-2.0,-1.0,0.0,-2.0,0.0,-2.0,-1.0,1.0,0.0
-2.0,0.5147058823529411,-3.0,-2.0,0.6333223286012986,-5.0,-3.0,0.3333333333333333,-1.0,-1.0,0.6666666666666666,-3.0,0.23214285714285715,-1.0,-3.0,0.0,-1.0,0.0,-1.0,-1.0,1.0,0.0
-1.0,0.25,-2.0,-1.0,0.12963574336964895,-2.0,-5.0,1.0,-2.0,-1.0,1.0,-2.0,0.16071428571428573,-1.0,-3.0,0.0,-3.0,0.0,-1.0,-1.0,1.0,0.0
-1.0,0.23529411764705882,-2.0,-3.0,0.10795642126114229,-1.0,-3.0,1.0,-1.0,-1.0,1.0,-4.0,0.35714285714285715,-1.0,-1.0,0.0,-1.0,0.0,-1.0,-1.0,1.0,0.0
-3.0,0.16176470588235295,-3.0,-3.0,0.039066798723451084,-4.0,-3.0,0.6666666666666666,-2.0,-1.0,0.3333333333333333,-2.0,0.19642857142857142,-1.0,-1.0,0.3333333333333333,-1.0,0.0,-2.0,-1.0,1.0,0.0
-3.0,0.47058823529411764,-1.0,-5.0,0.594475624518543,-1.0,-2.0,1.0,-1.0,-1.0,0.3333333333333333,-4.0,0.19642857142857142,-1.0,-1.0,0.0,-3.0,0.0,-1.0,-1.0,1.0,0.0
-3.0,0.47058823529411764,-2.0,-3.0,0.590073731704633,-2.0,-4.0,1.0,-2.0,-1.0,0.3333333333333333,-4.0,0.125,-1.0,-1.0,0.3333333333333333,-3.0,0.0,-1.0,-1.0,1.0,1.0
-3.0,0.47058823529411764,-1.0,-5.0,0.3004842082095301,-4.0,-1.0,1.0,-1.0,-1.0,0.3333333333333333,-4.0,0.3392857142857143,-1.0,-1.0,0.3333333333333333,-3.0,0.0,-1.0,-1.0,1.0,0.0
-3.0,0.16176470588235295,-2.0,-7.0,0.034334763948497854,-1.0,-5.0,1.0,-2.0,-1.0,0.0,-1.0,0.08928571428571429,-1.0,-1.0,0.0,-1.0,0.0,-2.0,-1.0,0.0,0.0
-4.0,0.11764705882352941,-2.0,-1.0,0.08974358974358974,-2.0,-2.0,0.3333333333333333,-2.0,-1.0,0.3333333333333333,-4.0,0.44642857142857145,-1.0,-3.0,0.0,-2.0,0.0,-1.0,-1.0,1.0,0.0
-3.0,0.20588235294117646,-2.0,-4.0,0.3582590513920986,-1.0,-2.0,0.3333333333333333,-1.0,-1.0,1.0,-4.0,0.875,-1.0,-3.0,0.3333333333333333,-1.0,0.0,-2.0,-1.0,1.0,1.0
-2.0,0.20588235294117646,-1.0,-3.0,0.05749972488169913,-2.0,-5.0,1.0,-2.0,-1.0,0.0,-2.0,0.14285714285714285,-1.0,-1.0,0.3333333333333333,-1.0,0.0,-2.0,-1.0,1.0,0.0
-1.0,0.29411764705882354,-5.0,-3.0,0.12286783316826236,-3.0,-2.0,1.0,-1.0,-1.0,1.0,-1.0,0.05357142857142857,-3.0,-1.0,0.0,-1.0,0.0,-1.0,-1.0,0.0,0.0
-4.0,0.11764705882352941,-2.0,-3.0,0.06459777704412897,-1.0,-1.0,0.6666666666666666,-2.0,-1.0,1.0,-1.0,0.6428571428571429,-1.0,-1.0,0.0,-3.0,0.0,-1.0,-1.0,1.0,0.0
-2.0,0.11764705882352941,-2.0,-3.0,0.09199955981071861,-2.0,-2.0,1.0,-1.0,-1.0,0.3333333333333333,-2.0,0.32142857142857145,-1.0,-1.0,0.0,-2.0,0.0,-2.0,-1.0,1.0,1.0
-3.0,0.11764705882352941,-2.0,-1.0,0.03048310773632662,-2.0,-1.0,1.0,-1.0,-1.0,1.0,-4.0,0.3392857142857143,-1.0,-1.0,0.0,-1.0,0.0,-2.0,-1.0,1.0,0.0
-2.0,0.20588235294117646,-3.0,-4.0,0.14575767580059426,-1.0,-1.0,1.0,-1.0,-1.0,1.0,-4.0,0.42857142857142855,-1.0,-1.0,0.0,-1.0,1.0,-2.0,-1.0,1.0,0.0
-3.0,0.04411764705882353,-3.0,-1.0,0.03279410146362936,-1.0,-1.0,0.6666666666666666,-1.0,-1.0,1.0,-3.0,0.30357142857142855,-1.0,-2.0,0.0,-1.0,0.0,-2.0,-1.0,1.0,0.0
-1.0,0.029411764705882353,-2.0,-5.0,0.06063607351160999,-3.0,-4.0,0.0,-2.0,-1.0,0.3333333333333333,-2.0,0.07142857142857142,-1.0,-3.0,0.0,-4.0,0.0,-1.0,-1.0,0.0,0.0
-3.0,0.47058823529411764,-3.0,-6.0,0.5129305601408606,-2.0,-5.0,0.0,-3.0,-1.0,0.0,-4.0,0.16071428571428573,-1.0,-1.0,0.3333333333333333,-1.0,0.0,-2.0,-1.0,1.0,1.0
-3.0,0.47058823529411764,-1.0,-3.0,0.37839771101573677,-2.0,-5.0,0.3333333333333333,-2.0,-1.0,1.0,-2.0,0.07142857142857142,-1.0,-3.0,0.3333333333333333,-1.0,0.0,-1.0,-1.0,0.0,1.0
-3.0,0.029411764705882353,-5.0,-4.0,0.029327610872675252,-1.0,-2.0,0.0,-1.0,-2.0,0.3333333333333333,-1.0,0.125,-3.0,-1.0,0.0,-2.0,1.0,-2.0,-1.0,1.0,0.0
-3.0,0.16176470588235295,-1.0,-3.0,0.06988004842082095,-1.0,-1.0,1.0,-1.0,-1.0,1.0,-2.0,0.7857142857142857,-1.0,-1.0,0.0,-1.0,0.0,-2.0,-1.0,1.0,0.0
-2.0,0.5588235294117647,-5.0,-5.0,0.49702872235061074,-2.0,-4.0,0.0,-1.0,-1.0,0.3333333333333333,-3.0,0.6428571428571429,-2.0,-2.0,0.0,-3.0,0.0,-1.0,-1.0,1.0,0.0
-3.0,0.7352941176470589,-4.0,-5.0,0.5054473423572136,-1.0,-2.0,0.3333333333333333,-1.0,-1.0,0.3333333333333333,-2.0,0.35714285714285715,-1.0,-1.0,0.0,-2.0,1.0,-2.0,-1.0,1.0,0.0
-3.0,0.6470588235294118,-1.0,-6.0,0.4060195884230219,-1.0,-1.0,1.0,-3.0,-1.0,0.3333333333333333,-4.0,0.48214285714285715,-2.0,-1.0,0.3333333333333333,-3.0,1.0,-2.0,-1.0,1.0,0.0
-1.0,0.11764705882352941,-2.0,-4.0,0.05634422801804776,-2.0,-5.0,0.6666666666666666,-2.0,-1.0,0.0,-1.0,0.32142857142857145,-1.0,-1.0,0.0,-2.0,0.0,-2.0,-1.0,1.0,1.0
-3.0,0.16176470588235295,-2.0,-3.0,0.1352481567073842,-2.0,-5.0,0.3333333333333333,-1.0,-1.0,0.6666666666666666,-2.0,0.14285714285714285,-2.0,-1.0,0.3333333333333333,-2.0,0.0,-2.0,-1.0,1.0,0.0
-2.0,0.29411764705882354,-1.0,-9.0,0.6431165401122483,-2.0,-2.0,0.3333333333333333,-1.0,-3.0,0.6666666666666666,-4.0,0.35714285714285715,-1.0,-1.0,0.3333333333333333,-3.0,1.0,-1.0,-1.0,1.0,1.0
-3.0,0.11764705882352941,-2.0,-3.0,0.028227137669197756,-2.0,-2.0,1.0,-2.0,-1.0,0.0,-1.0,0.125,-1.0,-1.0,0.0,-1.0,0.0,-1.0,-1.0,1.0,0.0
-3.0,0.38235294117647056,-1.0,-1.0,0.235501265544184,-2.0,-3.0,1.0,-2.0,-1.0,1.0,-4.0,0.125,-1.0,-3.0,0.0,-3.0,0.0,-1.0,-1.0,1.0,0.0
-2.0,0.1323529411764706,-1.0,-1.0,0.034774953229888855,-2.0,-5.0,1.0,-1.0,-2.0,1.0,-1.0,0.07142857142857142,-1.0,-1.0,0.3333333333333333,-1.0,0.0,-2.0,-1.0,0.0,0.0
-3.0,0.07352941176470588,-1.0,-4.0,0.10366457576758006,-2.0,-2.0,1.0,-1.0,-1.0,1.0,-4.0,0.5178571428571429,-1.0,-1.0,0.6666666666666666,-1.0,0.0,-1.0,-1.0,1.0,0.0
-3.0,0.20588235294117646,-1.0,-5.0,0.16391548365797293,-1.0,-4.0,0.3333333333333333,-1.0,-1.0,1.0,-3.0,0.3392857142857143,-1.0,-1.0,0.0,-3.0,0.0,-1.0,-1.0,1.0,0.0
-1.0,0.29411764705882354,-1.0,-5.0,0.3502255970067129,-2.0,-4.0,0.3333333333333333,-1.0,-1.0,1.0,-3.0,1.0,-1.0,-2.0,0.3333333333333333,-3.0,0.0,-1.0,-1.0,1.0,0.0
-3.0,0.29411764705882354,-2.0,-1.0,0.05656432265874326,-2.0,-1.0,1.0,-1.0,-1.0,0.0,-1.0,0.30357142857142855,-1.0,-1.0,0.0,-3.0,0.0,-1.0,-1.0,1.0,0.0
-2.0,0.3235294117647059,-2.0,-5.0,0.4245625619016177,-2.0,-5.0,0.3333333333333333,-1.0,-1.0,0.6666666666666666,-4.0,0.19642857142857142,-1.0,-1.0,0.3333333333333333,-1.0,0.0,-2.0,-1.0,1.0,0.0
-3.0,0.11764705882352941,-2.0,-4.0,0.08990866072411137,-2.0,-1.0,1.0,-1.0,-1.0,1.0,-4.0,0.35714285714285715,-1.0,-1.0,0.0,-3.0,0.0,-1.0,-1.0,1.0,0.0
-3.0,0.11764705882352941,-1.0,-3.0,0.07384175195333993,-4.0,-3.0,0.6666666666666666,-2.0,-1.0,0.3333333333333333,-2.0,0.2857142857142857,-1.0,-1.0,0.0,-1.0,0.0,-2.0,-2.0,1.0,0.0
-4.0,0.16176470588235295,-1.0,-1.0,0.056179157037526135,-1.0,-2.0,0.6666666666666666,-1.0,-1.0,1.0,-3.0,0.35714285714285715,-1.0,-2.0,0.3333333333333333,-1.0,0.0,-1.0,-1.0,1.0,1.0
-1.0,0.29411764705882354,-2.0,-3.0,0.21563772422141522,-2.0,-2.0,1.0,-1.0,-1.0,1.0,-2.0,0.16071428571428573,-1.0,-1.0,0.0,-1.0,0.0,-2.0,-1.0,1.0,0.0
-3.0,0.029411764705882353,-2.0,-4.0,0.17981732144822274,-2.0,-2.0,0.3333333333333333,-1.0,-2.0,0.6666666666666666,-2.0,0.125,-1.0,-3.0,0.0,-1.0,0.0,-2.0,-1.0,1.0,0.0
-2.0,0.38235294117647056,-3.0,-1.0,0.09183448883019699,-5.0,-5.0,1.0,-1.0,-1.0,0.6666666666666666,-3.0,0.19642857142857142,-3.0,-1.0,0.3333333333333333,-3.0,0.0,-2.0,-1.0,1.0,1.0
-3.0,0.3382352941176471,-3.0,-5.0,0.46016287003411466,-4.0,-2.0,0.3333333333333333,-1.0,-1.0,0.3333333333333333,-4.0,0.14285714285714285,-1.0,-1.0,0.3333333333333333,-1.0,0.0,-2.0,-1.0,1.0,0.0
-2.0,0.47058823529411764,-3.0,-4.0,0.39517992736876856,-2.0,-2.0,0.3333333333333333,-2.0,-1.0,0.3333333333333333,-2.0,0.625,-1.0,-3.0,0.0,-1.0,0.0,-2.0,-1.0,1.0,0.0
-2.0,0.6470588235294118,-4.0,-6.0,0.7797402883239793,-2.0,-2.0,0.3333333333333333,-1.0,-1.0,0.3333333333333333,-4.0,0.10714285714285714,-1.0,-1.0,0.0,-1.0,0.0,-1.0,-1.0,1.0,1.0
-1.0,0.11764705882352941,-2.0,-1.0,0.04715527676901068,-2.0,-2.0,0.3333333333333333,-1.0,-1.0,0.3333333333333333,-1.0,0.017857142857142856,-1.0,-3.0,0.0,-3.0,1.0,-1.0,-1.0,0.0,0.0
-3.0,0.11764705882352941,-2.0,-4.0,0.18031253438978762,-1.0,-5.0,0.3333333333333333,-1.0,-1.0,0.6666666666666666,-2.0,0.4642857142857143,-1.0,-1.0,0.0,-3.0,1.0,-1.0,-1.0,1.0,0.0
-2.0,0.058823529411764705,-2.0,-1.0,0.02806206668867613,-2.0,-3.0,1.0,-2.0,-2.0,0.3333333333333333,-1.0,0.44642857142857145,-1.0,-1.0,0.0,-2.0,0.0,-2.0,-1.0,1.0,0.0
-3.0,0.20588235294117646,-2.0,-3.0,0.09541102674149884,-2.0,-2.0,1.0,-1.0,-1.0,1.0,-3.0,0.5,-2.0,-2.0,0.3333333333333333,-1.0,0.0,-2.0,-1.0,1.0,0.0
-3.0,0.25,-3.0,-5.0,0.15092989985693847,-2.0,-2.0,0.6666666666666666,-1.0,-1.0,0.3333333333333333,-1.0,0.16071428571428573,-3.0,-1.0,0.3333333333333333,-2.0,0.0,-2.0,-1.0,1.0,0.0
-2.0,0.07352941176470588,-2.0,-1.0,0.045779685264663805,-2.0,-1.0,1.0,-1.0,-1.0,1.0,-4.0,0.14285714285714285,-1.0,-1.0,0.3333333333333333,-2.0,0.0,-2.0,-1.0,1.0,0.0
-3.0,0.47058823529411764,-2.0,-5.0,0.4337515131506548,-2.0,-2.0,0.0,-2.0,-1.0,0.3333333333333333,-2.0,0.19642857142857142,-2.0,-1.0,0.0,-1.0,0.0,-2.0,-1.0,1.0,0.0
-2.0,0.07352941176470588,-2.0,-4.0,0.07147573456586333,-1.0,-5.0,1.0,-1.0,-1.0,0.3333333333333333,-1.0,0.2857142857142857,-1.0,-1.0,0.0,-4.0,0.0,-2.0,-1.0,1.0,0.0
-2.0,0.47058823529411764,-2.0,-3.0,0.48332783096731596,-5.0,-5.0,1.0,-1.0,-3.0,0.0,-3.0,0.17857142857142858,-1.0,-3.0,0.0,-3.0,0.0,-1.0,-1.0,1.0,1.0
-1.0,0.07352941176470588,-2.0,-4.0,0.06448772972378122,-2.0,-5.0,0.6666666666666666,-1.0,-1.0,0.3333333333333333,-3.0,0.14285714285714285,-1.0,-2.0,0.0,-3.0,0.0,-1.0,-1.0,1.0,1.0
-3.0,0.29411764705882354,-2.0,-1.0,0.11191812479366127,-2.0,-3.0,1.0,-1.0,-1.0,0.3333333333333333,-4.0,0.16071428571428573,-1.0,-1.0,0.0,-1.0,0.0,-1.0,-1.0,1.0,0.0
-1.0,0.11764705882352941,-2.0,-1.0,0.06866952789699571,-2.0,-2.0,1.0,-2.0,-1.0,0.0,-4.0,0.07142857142857142,-2.0,-1.0,0.0,-1.0,0.0,-2.0,-1.0,0.0,0.0
-1.0,0.6470588235294118,-2.0,-5.0,0.5528227137669198,-2.0,-3.0,1.0,-1.0,-1.0,1.0,-3.0,0.35714285714285715,-3.0,-2.0,0.6666666666666666,-1.0,1.0,-1.0,-1.0,1.0,1.0
-3.0,0.08823529411764706,-1.0,-3.0,0.1000880378562782,-1.0,-2.0,0.3333333333333333,-4.0,-1.0,0.0,-4.0,0.125,-1.0,-1.0,0.3333333333333333,-1.0,0.0,-2.0,-2.0,1.0,0.0
-3.0,0.29411764705882354,-2.0,-4.0,0.05496863651370089,-2.0,-5.0,1.0,-4.0,-1.0,0.3333333333333333,-1.0,0.16071428571428573,-1.0,-1.0,0.0,-1.0,0.0,-2.0,-1.0,1.0,0.0
-2.0,0.47058823529411764,-3.0,-6.0,0.5286123032904149,-5.0,-3.0,0.0,-1.0,-1.0,0.6666666666666666,-2.0,0.21428571428571427,-1.0,-1.0,0.3333333333333333,-2.0,1.0,-1.0,-1.0,1.0,0.0
-3.0,0.29411764705882354,-2.0,-1.0,0.11813579839330912,-3.0,-1.0,0.6666666666666666,-1.0,-1.0,0.3333333333333333,-4.0,0.2857142857142857,-2.0,-1.0,0.3333333333333333,-1.0,0.0,-1.0,-1.0,1.0,1.0
-3.0,0.38235294117647056,-3.0,-6.0,0.2213051612193243,-5.0,-2.0,0.3333333333333333,-1.0,-1.0,0.3333333333333333,-2.0,0.125,-1.0,-1.0,0.3333333333333333,-2.0,0.0,-2.0,-1.0,1.0,0.0
-1.0,0.029411764705882353,-2.0,-4.0,0.022669747991636402,-2.0,-5.0,0.6666666666666666,-1.0,-1.0,1.0,-1.0,0.39285714285714285,-1.0,-1.0,0.0,-2.0,1.0,-1.0,-1.0,1.0,0.0
-2.0,0.23529411764705882,-3.0,-5.0,0.3745460548035655,-1.0,-3.0,0.6666666666666666,-1.0,-1.0,1.0,-2.0,0.30357142857142855,-2.0,-3.0,0.3333333333333333,-3.0,1.0,-1.0,-1.0,1.0,0.0
-2.0,0.058823529411764705,-2.0,-6.0,0.03615054473423572,-2.0,-5.0,0.6666666666666666,-4.0,-1.0,0.3333333333333333,-1.0,0.125,-1.0,-1.0,0.0,-1.0,0.0,-1.0,-1.0,1.0,0.0
-2.0,0.07352941176470588,-2.0,-3.0,0.09794211510949709,-1.0,-3.0,0.3333333333333333,-1.0,-1.0,0.0,-4.0,0.08928571428571429,-1.0,-1.0,0.0,-1.0,0.0,-1.0,-1.0,0.0,0.0
-3.0,0.16176470588235295,-1.0,-1.0,0.08688235941454825,-2.0,-1.0,1.0,-1.0,-1.0,1.0,-4.0,0.48214285714285715,-1.0,-1.0,0.3333333333333333,-1.0,0.0,-1.0,-1.0,1.0,0.0
-3.0,0.29411764705882354,-2.0,-5.0,0.4966985803895675,-1.0,-2.0,0.3333333333333333,-3.0,-1.0,1.0,-3.0,0.5178571428571429,-1.0,-2.0,0.0,-1.0,0.0,-1.0,-1.0,1.0,0.0
-1.0,0.16176470588235295,-2.0,-4.0,0.06344228018047761,-2.0,-2.0,0.3333333333333333,-2.0,-1.0,1.0,-4.0,0.16071428571428573,-1.0,-3.0,0.0,-1.0,0.0,-2.0,-1.0,1.0,0.0
-3.0,0.47058823529411764,-2.0,-6.0,0.39391438318476946,-1.0,-1.0,0.6666666666666666,-1.0,-1.0,0.3333333333333333,-2.0,0.32142857142857145,-1.0,-1.0,0.3333333333333333,-1.0,0.0,-2.0,-1.0,1.0,0.0
-3.0,0.20588235294117646,-1.0,-1.0,0.11852096401452625,-2.0,-2.0,0.3333333333333333,-2.0,-1.0,0.3333333333333333,-4.0,0.125,-1.0,-1.0,0.3333333333333333,-1.0,0.0,-2.0,-1.0,1.0,0.0
-2.0,0.08823529411764706,-2.0,-3.0,0.06993507208099482,-2.0,-2.0,1.0,-3.0,-1.0,0.3333333333333333,-4.0,0.21428571428571427,-1.0,-1.0,0.0,-2.0,0.0,-2.0,-1.0,1.0,0.0
-3.0,0.07352941176470588,-1.0,-3.0,0.118631011334874,-2.0,-4.0,0.3333333333333333,-1.0,-1.0,0.6666666666666666,-4.0,0.21428571428571427,-1.0,-1.0,0.0,-3.0,0.0,-2.0,-1.0,1.0,0.0
-4.0,0.47058823529411764,-2.0,-1.0,0.30802244965335096,-2.0,-2.0,1.0,-1.0,-1.0,0.0,-4.0,0.08928571428571429,-1.0,-1.0,0.0,-1.0,0.0,-2.0,-1.0,0.0,0.0
-4.0,0.29411764705882354,-2.0,-3.0,0.14537251017937713,-2.0,-1.0,0.6666666666666666,-3.0,-1.0,1.0,-3.0,0.5714285714285714,-1.0,-2.0,0.0,-1.0,0.0,-2.0,-1.0,1.0,0.0
-3.0,0.20588235294117646,-1.0,-4.0,0.1389347419390338,-2.0,-3.0,0.3333333333333333,-1.0,-1.0,0.3333333333333333,-2.0,0.21428571428571427,-2.0,-1.0,0.3333333333333333,-1.0,0.0,-2.0,-1.0,1.0,1.0
-2.0,0.5588235294117647,-1.0,-6.0,0.3138549576317817,-2.0,-3.0,0.3333333333333333,-2.0,-1.0,0.0,-1.0,0.39285714285714285,-2.0,-1.0,0.3333333333333333,-2.0,0.0,-2.0,-1.0,1.0,0.0
-1.0,0.20588235294117646,-5.0,-4.0,0.06558820292725873,-2.0,-3.0,1.0,-1.0,-1.0,1.0,-3.0,0.23214285714285715,-1.0,-2.0,0.3333333333333333,-2.0,1.0,-2.0,-1.0,1.0,1.0
-3.0,0.11764705882352941,-1.0,-6.0,0.11235831407505227,-2.0,-4.0,1.0,-1.0,-1.0,0.3333333333333333,-4.0,0.4107142857142857,-3.0,-1.0,0.3333333333333333,-3.0,0.0,-1.0,-1.0,1.0,1.0
-3.0,0.07352941176470588,-2.0,-6.0,0.06597336854847584,-2.0,-3.0,0.6666666666666666,-2.0,-1.0,0.3333333333333333,-4.0,0.14285714285714285,-1.0,-1.0,0.3333333333333333,-1.0,0.0,-2.0,-1.0,1.0,0.0
-2.0,0.029411764705882353,-2.0,-1.0,0.01870804445911742,-2.0,-5.0,0.6666666666666666,-4.0,-1.0,0.6666666666666666,-1.0,0.125,-1.0,-1.0,0.0,-2.0,0.0,-2.0,-2.0,1.0,0.0
-1.0,0.47058823529411764,-2.0,-9.0,0.8587542643336635,-2.0,-4.0,0.3333333333333333,-3.0,-3.0,0.6666666666666666,-4.0,0.42857142857142855,-1.0,-1.0,0.0,-3.0,0.0,-2.0,-1.0,1.0,0.0
-3.0,0.0,-2.0,-3.0,0.019313304721030045,-2.0,-5.0,0.0,-2.0,-1.0,0.6666666666666666,-1.0,0.07142857142857142,-1.0,-3.0,0.0,-2.0,1.0,-2.0,-1.0,0.0,0.0
-2.0,0.11764705882352941,-2.0,-1.0,0.0706503796632552,-2.0,-5.0,0.0,-4.0,-1.0,0.0,-1.0,0.07142857142857142,-1.0,-3.0,0.0,-1.0,0.0,-2.0,-1.0,0.0,1.0
-3.0,0.11764705882352941,-1.0,-1.0,0.05727963024100363,-2.0,-2.0,1.0,-2.0,-1.0,0.3333333333333333,-2.0,0.2857142857142857,-1.0,-1.0,0.3333333333333333,-1.0,0.0,-2.0,-1.0,1.0,0.0
-1.0,0.11764705882352941,-1.0,-4.0,0.10300429184549356,-2.0,-2.0,0.6666666666666666,-1.0,-1.0,0.3333333333333333,-1.0,0.35714285714285715,-1.0,-3.0,0.3333333333333333,-2.0,1.0,-2.0,-2.0,1.0,0.0
-3.0,0.38235294117647056,-2.0,-5.0,0.25096291405304283,-1.0,-3.0,0.3333333333333333,-2.0,-1.0,1.0,-2.0,0.08928571428571429,-3.0,-3.0,0.0,-2.0,0.0,-2.0,-1.0,0.0,0.0
-2.0,0.47058823529411764,-1.0,-1.0,0.11483437878287664,-2.0,-1.0,1.0,-1.0,-1.0,1.0,-1.0,0.30357142857142855,-1.0,-1.0,0.0,-1.0,0.0,-2.0,-1.0,1.0,0.0
-3.0,0.029411764705882353,-2.0,-10.0,0.05436337625178827,-1.0,-4.0,1.0,-1.0,-1.0,1.0,-2.0,0.30357142857142855,-1.0,-1.0,0.0,-3.0,1.0,-1.0,-1.0,1.0,0.0
-1.0,0.29411764705882354,-2.0,-4.0,0.03659073401562672,-1.0,-1.0,1.0,-2.0,-1.0,0.3333333333333333,-4.0,0.17857142857142858,-2.0,-1.0,0.0,-1.0,0.0,-2.0,-1.0,1.0,1.0
-1.0,0.16176470588235295,-2.0,-3.0,0.08776273797733025,-2.0,-5.0,1.0,-2.0,-2.0,0.0,-2.0,0.48214285714285715,-1.0,-3.0,0.0,-1.0,0.0,-2.0,-1.0,1.0,0.0
-2.0,0.8235294117647058,-2.0,-2.0,0.3322328601298558,-2.0,-2.0,1.0,-1.0,-1.0,1.0,-3.0,0.4107142857142857,-1.0,-2.0,0.0,-1.0,0.0,-2.0,-1.0,1.0,1.0
-3.0,0.6470588235294118,-3.0,-1.0,0.6877407285132607,-3.0,-3.0,1.0,-1.0,-1.0,0.0,-4.0,0.32142857142857145,-1.0,-1.0,0.0,-3.0,0.0,-1.0,-1.0,1.0,0.0
-2.0,0.20588235294117646,-2.0,-4.0,0.04357873885770881,-1.0,-2.0,1.0,-2.0,-1.0,0.3333333333333333,-2.0,0.25,-1.0,-1.0,0.0,-1.0,0.0,-2.0,-1.0,1.0,1.0
