100,20,2
-3.0,0.07352941176470588,-2.0,-1.0,0.13464289644547156,-2.0,-2.0,0.0,-1.0,-1.0,0.3333333333333333,-1.0,0.23214285714285715,-1.0,-1.0,0.0,-1.0,1.0,-2.0,-1.0,1.0,0.0
-3.0,0.29411764705882354,-2.0,-4.0,0.06707384175195334,-5.0,-1.0,1.0,-4.0,-1.0,1.0,-1.0,0.39285714285714285,-1.0,-3.0,0.0,-2.0,0.0,-2.0,-1.0,1.0,0.0
-2.0,0.25,-3.0,-4.0,0.11571475734565863,-2.0,-2.0,0.0,-3.0,-1.0,1.0,-2.0,0.5,-1.0,-1.0,0.3333333333333333,-1.0,0.0,-2.0,-1.0,1.0,0.0
-2.0,0.8235294117647058,-5.0,-9.0,0.7996038296467481,-5.0,-1.0,0.6666666666666666,-2.0,-1.0,1.0,-3.0,0.7321428571428571,-2.0,-2.0,0.3333333333333333,-3.0,0.0,-1.0,-1.0,1.0,1.0
-1.0,0.29411764705882354,-2.0,-1.0,0.11742049081104874,-2.0,-1.0,1.0,-1.0,-1.0,1.0,-1.0,0.8035714285714286,-2.0,-3.0,0.0,-2.0,0.0,-2.0,-1.0,1.0,0.0
-3.0,0.29411764705882354,-1.0,-1.0,0.12809508088478044,-4.0,-1.0,0.3333333333333333,-1.0,-1.0,0.3333333333333333,-4.0,0.26785714285714285,-1.0,-1.0,0.0,-1.0,0.0,-2.0,-1.0,1.0,0.0
-2.0,0.07352941176470588,-2.0,-1.0,0.029712776493892375,-3.0,-2.0,1.0,-2.0,-1.0,0.6666666666666666,-1.0,0.8392857142857143,-1.0,-1.0,0.0,-2.0,0.0,-2.0,-1.0,1.0,0.0
-3.0,0.47058823529411764,-2.0,-2.0,0.4844833278309673,-1.0,-2.0,0.3333333333333333,-1.0,-1.0,1.0,-3.0,0.2857142857142857,-1.0,-2.0,0.0,-2.0,1.0,-1.0,-1.0,1.0,0.0
-2.0,0.1323529411764706,-2.0,-1.0,0.1018487949818422,-2.0,-5.0,0.3333333333333333,-2.0,-2.0,1.0,-2.0,0.07142857142857142,-1.0,-1.0,0.0,-2.0,0.0,-2.0,-1.0,0.0,0.0
-1.0,0.20588235294117646,-1.0,-4.0,0.27797953119841534,-2.0,-1.0,0.3333333333333333,-1.0,-1.0,1.0,-3.0,0.30357142857142855,-1.0,-2.0,0.6666666666666666,-3.0,0.0,-1.0,-1.0,1.0,0.0
-4.0,0.20588235294117646,-2.0,-3.0,0.15401122482667548,-2.0,-5.0,0.0,-2.0,-1.0,0.0,-2.0,0.4642857142857143,-3.0,-1.0,0.0,-2.0,0.0,-2.0,-1.0,1.0,0.0
-2.0,0.058823529411764705,-2.0,-3.0,0.054308352591614394,-2.0,-2.0,0.6666666666666666,-2.0,-1.0,1.0,-1.0,0.08928571428571429,-1.0,-1.0,0.0,-1.0,0.0,-2.0,-1.0,0.0,1.0
-3.0,0.29411764705882354,-1.0,-5.0,0.10713106635853417,-1.0,-3.0,1.0,-1.0,-1.0,1.0,-4.0,0.42857142857142855,-1.0,-1.0,0.3333333333333333,-1.0,1.0,-1.0,-1.0,1.0,0.0
-2.0,0.04411764705882353,-2.0,-1.0,0.1279850335644327,-2.0,-2.0,0.3333333333333333,-1.0,-2.0,0.3333333333333333,-1.0,0.2857142857142857,-1.0,-1.0,0.0,-1.0,0.0,-2.0,-1.0,1.0,0.0
-3.0,0.29411764705882354,-2.0,-3.0,0.14223616154946628,-3.0,-1.0,0.6666666666666666,-1.0,-1.0,1.0,-2.0,0.6071428571428571,-1.0,-1.0,0.0,-1.0,0.0,-2.0,-1.0,1.0,0.0
-1.0,0.11764705882352941,-2.0,-4.0,0.09040387366567625,-2.0,-2.0,1.0,-2.0,-2.0,1.0,-2.0,0.17857142857142858,-1.0,-1.0,0.0,-1.0,0.0,-1.0,-1.0,1.0,0.0
-3.0,0.20588235294117646,-2.0,-1.0,0.23902277979531197,-2.0,-5.0,0.6666666666666666,-1.0,-1.0,0.3333333333333333,-4.0,0.23214285714285715,-1.0,-1.0,0.0,-1.0,0.0,-1.0,-1.0,1.0,0.0
-4.0,0.11764705882352941,-5.0,-1.0,0.008748761967646087,-4.0,-2.0,0.6666666666666666,-2.0,-1.0,0.6666666666666666,-1.0,0.4107142857142857,-1.0,-3.0,0.3333333333333333,-1.0,0.0,-2.0,-1.0,1.0,0.0
-1.0,0.29411764705882354,-2.0,-1.0,0.0928799383735006,-2.0,-5.0,1.0,-3.0,-1.0,0.6666666666666666,-2.0,0.23214285714285715,-1.0,-1.0,0.0,-1.0,0.0,-2.0,-1.0,1.0,1.0
-1.0,0.16176470588235295,-2.0,-1.0,0.04418399911962144,-2.0,-5.0,1.0,-4.0,-1.0,0.3333333333333333,-1.0,0.14285714285714285,-1.0,-1.0,0.0,-1.0,0.0,-2.0,-2.0,1.0,0.0
-1.0,0.47058823529411764,-2.0,-5.0,0.2884890502916254,-2.0,-1.0,0.3333333333333333,-1.0,-1.0,1.0,-3.0,0.4107142857142857,-1.0,-2.0,0.0,-1.0,1.0,-2.0,-1.0,1.0,0.0
-3.0,0.20588235294117646,-2.0,-3.0,0.17453505007153075,-2.0,-1.0,1.0,-1.0,-1.0,1.0,-2.0,0.5,-2.0,-1.0,0.6666666666666666,-1.0,1.0,-1.0,-1.0,1.0,0.0
-1.0,0.029411764705882353,-1.0,-4.0,0.019753494002421042,-2.0,-3.0,1.0,-2.0,-1.0,0.6666666666666666,-2.0,0.32142857142857145,-1.0,-1.0,0.3333333333333333,-1.0,0.0,-2.0,-2.0,1.0,0.0
-4.0,0.16176470588235295,-2.0,-6.0,0.1340926598437328,-2.0,-3.0,0.3333333333333333,-1.0,-1.0,1.0,-2.0,0.125,-1.0,-3.0,0.0,-1.0,0.0,-1.0,-1.0,1.0,0.0
-2.0,0.11764705882352941,-2.0,-4.0,0.023935292175635524,-2.0,-3.0,0.3333333333333333,-4.0,-1.0,0.6666666666666666,-4.0,0.10714285714285714,-2.0,-1.0,0.0,-2.0,0.0,-2.0,-1.0,1.0,1.0
-3.0,0.20588235294117646,-2.0,-6.0,0.07252118410916694,-5.0,-2.0,0.6666666666666666,-2.0,-1.0,1.0,-2.0,0.08928571428571429,-1.0,-3.0,0.0,-2.0,0.0,-2.0,-1.0,0.0,0.0
-3.0,0.20588235294117646,-1.0,-1.0,0.08528667326950588,-2.0,-2.0,1.0,-1.0,-1.0,0.3333333333333333,-4.0,0.08928571428571429,-1.0,-1.0,0.3333333333333333,-1.0,0.0,-2.0,-1.0,0.0,0.0
-2.0,0.29411764705882354,-5.0,-2.0,0.08732254869593925,-2.0,-3.0,1.0,-2.0,-1.0,1.0,-3.0,0.26785714285714285,-2.0,-2.0,0.0,-2.0,0.0,-2.0,-1.0,1.0,1.0
-3.0,0.6470588235294118,-1.0,-5.0,0.1376141740948608,-1.0,-1.0,1.0,-1.0,-1.0,0.6666666666666666,-4.0,0.3392857142857143,-1.0,-1.0,0.3333333333333333,-1.0,1.0,-1.0,-1.0,1.0,0.0
-2.0,0.20588235294117646,-1.0,-3.0,0.18498954550456698,-2.0,-1.0,0.6666666666666666,-2.0,-1.0,1.0,-2.0,0.32142857142857145,-1.0,-1.0,0.0,-1.0,0.0,-1.0,-1.0,1.0,0.0
-3.0,0.47058823529411764,-2.0,-6.0,0.3021899416749202,-5.0,-3.0,0.3333333333333333,-1.0,-1.0,0.3333333333333333,-4.0,0.21428571428571427,-1.0,-1.0,0.3333333333333333,-1.0,0.0,-1.0,-1.0,1.0,0.0
-1.0,0.3382352941176471,-4.0,-6.0,0.27748431825685044,-2.0,-4.0,0.3333333333333333,-1.0,-1.0,1.0,-2.0,0.5535714285714286,-3.0,-1.0,0.3333333333333333,-1.0,0.0,-1.0,-1.0,1.0,1.0
-2.0,0.23529411764705882,-4.0,-5.0,0.32452954770551334,-5.0,-1.0,0.6666666666666666,-4.0,-1.0,1.0,-4.0,0.21428571428571427,-2.0,-1.0,0.3333333333333333,-1.0,0.0,-1.0,-1.0,1.0,0.0
-3.0,0.29411764705882354,-2.0,-1.0,0.16424562561901618,-3.0,-1.0,0.6666666666666666,-3.0,-1.0,0.3333333333333333,-4.0,0.125,-1.0,-1.0,0.0,-3.0,0.0,-1.0,-1.0,1.0,0.0
-3.0,0.20588235294117646,-2.0,-3.0,0.07059535600308132,-2.0,-5.0,1.0,-4.0,-3.0,0.0,-2.0,0.42857142857142855,-1.0,-1.0,0.0,-2.0,1.0,-2.0,-1.0,1.0,1.0
-1.0,0.20588235294117646,-4.0,-3.0,0.15758776273797734,-2.0,-5.0,0.0,-2.0,-1.0,1.0,-2.0,0.125,-1.0,-3.0,0.0,-1.0,0.0,-2.0,-1.0,1.0,1.0
-2.0,0.11764705882352941,-2.0,-4.0,0.05876526906569825,-4.0,-1.0,1.0,-1.0,-1.0,1.0,-1.0,0.625,-1.0,-1.0,0.0,-1.0,0.0,-1.0,-1.0,1.0,0.0
-2.0,0.08823529411764706,-2.0,-4.0,0.3883569935072081,-2.0,-4.0,0.3333333333333333,-1.0,-1.0,1.0,-3.0,0.9107142857142857,-2.0,-2.0,0.0,-3.0,0.0,-1.0,-1.0,1.0,0.0
-3.0,0.29411764705882354,-3.0,-6.0,0.46208869814020026,-2.0,-5.0,0.3333333333333333,-1.0,-1.0,0.3333333333333333,-4.0,0.14285714285714285,-2.0,-1.0,0.3333333333333333,-1.0,0.0,-1.0,-1.0,1.0,1.0
-3.0,0.11764705882352941,-1.0,-4.0,0.05529877847474414,-2.0,-1.0,1.0,-1.0,-1.0,1.0,-1.0,0.75,-1.0,-1.0,0.3333333333333333,-2.0,0.0,-2.0,-1.0,1.0,0.0
-3.0,0.29411764705882354,-1.0,-4.0,0.12176735996478485,-5.0,-3.0,1.0,-4.0,-1.0,0.6666666666666666,-2.0,0.14285714285714285,-1.0,-1.0,0.3333333333333333,-1.0,0.0,-1.0,-1.0,1.0,0.0
-1.0,0.11764705882352941,-2.0,-3.0,0.41900517222405637,-2.0,-1.0,1.0,-1.0,-1.0,1.0,-3.0,0.6071428571428571,-1.0,-2.0,0.0,-3.0,0.0,-1.0,-1.0,1.0,1.0
-2.0,0.6470588235294118,-4.0,-4.0,0.44613183668977663,-3.0,-5.0,0.0,-2.0,-1.0,0.0,-4.0,0.19642857142857142,-1.0,-1.0,0.3333333333333333,-1.0,0.0,-2.0,-1.0,1.0,0.0
-3.0,0.029411764705882353,-1.0,-3.0,0.0534279740288324,-1.0,-2.0,0.0,-4.0,-1.0,0.3333333333333333,-2.0,0.14285714285714285,-1.0,-1.0,0.3333333333333333,-1.0,0.0,-2.0,-1.0,1.0,0.0
-2.0,0.5147058823529411,-1.0,-1.0,0.25767580059425554,-2.0,-3.0,0.3333333333333333,-1.0,-2.0,0.3333333333333333,-1.0,0.10714285714285714,-1.0,-1.0,0.3333333333333333,-1.0,0.0,-2.0,-1.0,1.0,1.0
-2.0,0.20588235294117646,-1.0,-6.0,0.090073731704633,-1.0,-2.0,1.0,-4.0,-1.0,1.0,-1.0,0.16071428571428573,-2.0,-1.0,0.3333333333333333,-1.0,0.0,-2.0,-1.0,1.0,0.0
-4.0,0.08823529411764706,-2.0,-7.0,0.0536480686695279,-2.0,-2.0,0.3333333333333333,-1.0,-1.0,0.3333333333333333,-4.0,0.32142857142857145,-1.0,-1.0,0.0,-1.0,0.0,-1.0,-1.0,1.0,0.0
-4.0,0.47058823529411764,-2.0,-1.0,0.21789369428854408,-2.0,-2.0,1.0,-1.0,-1.0,0.3333333333333333,-4.0,0.125,-1.0,-1.0,0.0,-1.0,0.0,-2.0,-1.0,1.0,1.0
-3.0,0.29411764705882354,-2.0,-4.0,0.06734896005282272,-5.0,-5.0,1.0,-4.0,-1.0,0.6666666666666666,-1.0,0.25,-1.0,-1.0,0.0,-1.0,0.0,-1.0,-1.0,1.0,0.0
-2.0,0.6470588235294118,-2.0,-1.0,0.31368988665126,-2.0,-2.0,0.3333333333333333,-2.0,-1.0,0.3333333333333333,-1.0,0.05357142857142857,-1.0,-1.0,0.0,-1.0,0.0,-2.0,-1.0,0.0,1.0
-2.0,0.6029411764705882,-2.0,-1.0,0.15302079894354573,-5.0,-2.0,1.0,-1.0,-2.0,1.0,-2.0,0.03571428571428571,-1.0,-3.0,0.0,-1.0,0.0,-2.0,-1.0,0.0,1.0
-1.0,0.20588235294117646,-2.0,-3.0,0.1223175965665236,-2.0,-4.0,1.0,-1.0,-1.0,0.0,-4.0,0.10714285714285714,-1.0,-1.0,0.0,-4.0,0.0,-2.0,-1.0,1.0,1.0
-3.0,0.0,-1.0,-4.0,0.17222405634422802,-2.0,-3.0,0.0,-2.0,-1.0,0.0,-1.0,0.32142857142857145,-1.0,-1.0,0.0,-1.0,1.0,-2.0,-1.0,1.0,0.0
-1.0,0.38235294117647056,-2.0,-3.0,0.33564432706063607,-1.0,-1.0,1.0,-1.0,-1.0,1.0,-2.0,0.21428571428571427,-1.0,-1.0,0.0,-1.0,0.0,-2.0,-1.0,1.0,1.0
-1.0,0.11764705882352941,-2.0,-2.0,0.052272477165181026,-1.0,-2.0,1.0,-2.0,-1.0,1.0,-2.0,0.07142857142857142,-2.0,-3.0,0.0,-1.0,0.0,-1.0,-1.0,0.0,0.0
-2.0,0.16176470588235295,-3.0,-8.0,0.06943985913942996,-4.0,-2.0,0.6666666666666666,-4.0,-1.0,0.6666666666666666,-2.0,0.75,-3.0,-1.0,0.3333333333333333,-1.0,0.0,-2.0,-1.0,1.0,1.0
-2.0,0.11764705882352941,-1.0,-5.0,0.08550676791020138,-5.0,-5.0,0.6666666666666666,-1.0,-1.0,1.0,-2.0,0.44642857142857145,-1.0,-1.0,0.0,-1.0,0.0,-2.0,-1.0,1.0,0.0
-2.0,0.6470588235294118,-2.0,-3.0,0.534279740288324,-2.0,-5.0,0.0,-2.0,-1.0,0.3333333333333333,-4.0,0.125,-1.0,-1.0,0.0,-1.0,0.0,-1.0,-1.0,1.0,1.0
-4.0,0.20588235294117646,-2.0,-1.0,0.10179377132166832,-2.0,-2.0,1.0,-1.0,-3.0,0.3333333333333333,-1.0,0.32142857142857145,-3.0,-1.0,0.0,-1.0,0.0,-2.0,-1.0,1.0,1.0
-2.0,0.07352941176470588,-1.0,-3.0,0.09183448883019699,-2.0,-3.0,1.0,-1.0,-1.0,0.6666666666666666,-4.0,0.2857142857142857,-1.0,-3.0,0.0,-1.0,0.0,-1.0,-1.0,1.0,0.0
-2.0,0.16176470588235295,-2.0,-8.0,0.06954990645977771,-5.0,-2.0,1.0,-1.0,-2.0,0.3333333333333333,-1.0,0.05357142857142857,-1.0,-1.0,0.0,-1.0,0.0,-2.0,-1.0,0.0,0.0
-3.0,0.11764705882352941,-1.0,-3.0,0.09271486739297898,-2.0,-1.0,1.0,-1.0,-1.0,1.0,-1.0,0.42857142857142855,-1.0,-1.0,0.6666666666666666,-1.0,0.0,-1.0,-1.0,1.0,0.0
-3.0,0.11764705882352941,-1.0,-1.0,0.11450423682183339,-1.0,-1.0,0.0,-1.0,-3.0,1.0,-1.0,0.5357142857142857,-1.0,-1.0,0.0,-1.0,0.0,-1.0,-1.0,1.0,0.0
-1.0,0.29411764705882354,-2.0,-3.0,0.1641906019588423,-2.0,-5.0,1.0,-2.0,-1.0,1.0,-1.0,0.07142857142857142,-1.0,-3.0,0.0,-2.0,0.0,-1.0,-1.0,0.0,1.0
-2.0,0.25,-2.0,-6.0,0.1384945526576428,-5.0,-1.0,1.0,-3.0,-1.0,0.3333333333333333,-4.0,0.75,-2.0,-3.0,0.3333333333333333,-2.0,0.0,-2.0,-1.0,1.0,1.0
-3.0,0.11764705882352941,-3.0,-8.0,0.07180587652690656,-4.0,-1.0,1.0,-1.0,-1.0,1.0,-3.0,0.6428571428571429,-1.0,-2.0,0.3333333333333333,-1.0,1.0,-2.0,-1.0,1.0,1.0
-2.0,0.29411764705882354,-2.0,-5.0,0.13810938703642567,-1.0,-1.0,1.0,-1.0,-1.0,1.0,-3.0,0.30357142857142855,-2.0,-2.0,0.0,-1.0,0.0,-1.0,-1.0,1.0,0.0
-2.0,0.07352941176470588,-2.0,-1.0,0.10278419720479806,-2.0,-2.0,0.3333333333333333,-1.0,-1.0,0.3333333333333333,-1.0,0.32142857142857145,-1.0,-1.0,0.0,-2.0,1.0,-2.0,-1.0,1.0,0.0
-3.0,0.11764705882352941,-1.0,-2.0,0.10157367668097282,-2.0,-3.0,0.3333333333333333,-1.0,-1.0,0.6666666666666666,-1.0,0.5357142857142857,-1.0,-1.0,0.0,-2.0,1.0,-2.0,-1.0,1.0,0.0
-4.0,0.07352941176470588,-2.0,-1.0,0.04820072631231429,-5.0,-1.0,0.3333333333333333,-3.0,-1.0,1.0,-1.0,0.5357142857142857,-1.0,-1.0,0.0,-1.0,0.0,-2.0,-1.0,1.0,0.0
-2.0,0.20588235294117646,-2.0,-2.0,0.054418399911962144,-1.0,-2.0,1.0,-1.0,-1.0,1.0,-3.0,0.75,-1.0,-2.0,0.0,-1.0,0.0,-2.0,-1.0,1.0,0.0
-1.0,0.25,-2.0,-4.0,0.19329811819082204,-1.0,-3.0,0.3333333333333333,-1.0,-3.0,0.3333333333333333,-1.0,0.08928571428571429,-1.0,-1.0,0.0,-2.0,0.0,-2.0,-2.0,0.0,0.0
-3.0,0.38235294117647056,-2.0,-1.0,0.08897325850115549,-1.0,-1.0,1.0,-1.0,-1.0,1.0,-4.0,0.6964285714285714,-1.0,-1.0,0.0,-1.0,0.0,-1.0,-1.0,1.0,0.0
-4.0,0.11764705882352941,-2.0,-3.0,0.1101023440079234,-2.0,-2.0,0.0,-2.0,-1.0,0.3333333333333333,-4.0,0.48214285714285715,-1.0,-1.0,0.0,-2.0,0.0,-2.0,-1.0,1.0,0.0
-3.0,0.29411764705882354,-2.0,-1.0,0.313249697369869,-1.0,-5.0,0.0,-2.0,-1.0,0.0,-4.0,0.44642857142857145,-1.0,-1.0,0.3333333333333333,-1.0,0.0,-1.0,-1.0,1.0,1.0
-2.0,0.029411764705882353,-5.0,-4.0,0.03747111257840872,-5.0,-5.0,0.0,-2.0,-1.0,0.0,-2.0,0.23214285714285715,-3.0,-1.0,0.0,-2.0,0.0,-2.0,-1.0,1.0,1.0
-1.0,0.29411764705882354,-5.0,-9.0,0.06096621547265324,-1.0,-1.0,1.0,-1.0,-1.0,0.6666666666666666,-4.0,0.375,-3.0,-1.0,0.0,-3.0,0.0,-1.0,-1.0,1.0,1.0
-2.0,0.23529411764705882,-3.0,-9.0,0.13090128755364808,-2.0,-2.0,0.3333333333333333,-1.0,-1.0,0.6666666666666666,-4.0,0.17857142857142858,-2.0,-1.0,0.3333333333333333,-1.0,0.0,-1.0,-1.0,1.0,0.0
-1.0,0.6029411764705882,-2.0,-1.0,0.08776273797733025,-2.0,-2.0,1.0,-1.0,-1.0,1.0,-3.0,0.07142857142857142,-1.0,-2.0,0.0,-1.0,0.0,-1.0,-1.0,0.0,1.0
-3.0,0.029411764705882353,-2.0,-3.0,0.07114559260482008,-4.0,-2.0,1.0,-3.0,-1.0,0.3333333333333333,-1.0,0.25,-1.0,-1.0,0.0,-1.0,0.0,-2.0,-1.0,1.0,0.0
-3.0,0.029411764705882353,-2.0,-4.0,0.02321998459337515,-2.0,-4.0,0.0,-2.0,-1.0,1.0,-1.0,0.625,-1.0,-1.0,0.0,-4.0,0.0,-1.0,-1.0,1.0,0.0
-2.0,0.6470588235294118,-4.0,-6.0,0.1977550346649059,-5.0,-3.0,1.0,-1.0,-1.0,1.0,-3.0,0.26785714285714285,-1.0,-2.0,0.0,-2.0,1.0,-2.0,-1.0,1.0,1.0
-1.0,0.029411764705882353,-1.0,-1.0,0.09392538791680423,-2.0,-3.0,0.0,-2.0,-1.0,1.0,-4.0,0.21428571428571427,-1.0,-1.0,0.0,-1.0,0.0,-2.0,-1.0,1.0,0.0
-1.0,0.25,-2.0,-1.0,0.1709585121602289,-4.0,-5.0,1.0,-2.0,-1.0,0.3333333333333333,-4.0,0.17857142857142858,-2.0,-1.0,0.0,-1.0,0.0,-2.0,-1.0,1.0,0.0
-2.0,0.11764705882352941,-2.0,-4.0,0.03224386486189061,-5.0,-5.0,1.0,-2.0,-1.0,0.3333333333333333,-2.0,0.07142857142857142,-2.0,-1.0,0.0,-2.0,0.0,-2.0,-1.0,0.0,1.0
-1.0,0.11764705882352941,-2.0,-3.0,0.055683944095961266,-1.0,-1.0,0.3333333333333333,-3.0,-1.0,1.0,-2.0,0.5357142857142857,-1.0,-1.0,0.0,-2.0,0.0,-1.0,-1.0,1.0,0.0
-4.0,0.29411764705882354,-2.0,-1.0,0.055463849455265765,-3.0,-2.0,0.6666666666666666,-2.0,-1.0,0.6666666666666666,-4.0,0.6785714285714286,-1.0,-1.0,0.0,-2.0,0.0,-2.0,-1.0,1.0,0.0
-3.0,0.29411764705882354,-2.0,-4.0,0.39303400462198745,-2.0,-2.0,0.0,-1.0,-1.0,1.0,-2.0,0.42857142857142855,-1.0,-1.0,0.0,-2.0,1.0,-2.0,-1.0,1.0,0.0
-2.0,0.29411764705882354,-2.0,-4.0,0.1357983933091229,-2.0,-2.0,0.6666666666666666,-2.0,-1.0,1.0,-2.0,0.017857142857142856,-1.0,-3.0,0.0,-2.0,0.0,-1.0,-1.0,0.0,1.0
-1.0,0.10294117647058823,-1.0,-4.0,0.20298228238142402,-2.0,-2.0,0.0,-1.0,-1.0,0.3333333333333333,-1.0,0.375,-1.0,-1.0,0.3333333333333333,-2.0,1.0,-2.0,-1.0,1.0,0.0
-3.0,0.29411764705882354,-2.0,-1.0,0.16127434796962695,-2.0,-5.0,1.0,-2.0,-1.0,1.0,-2.0,0.125,-1.0,-1.0,0.0,-1.0,0.0,-1.0,-1.0,1.0,0.0
-3.0,0.20588235294117646,-1.0,-2.0,0.08880818752063387,-5.0,-2.0,1.0,-2.0,-1.0,0.3333333333333333,-1.0,0.19642857142857142,-1.0,-1.0,0.3333333333333333,-1.0,0.0,-2.0,-1.0,1.0,1.0
-1.0,0.16176470588235295,-1.0,-3.0,0.039892153626059204,-2.0,-2.0,0.3333333333333333,-3.0,-1.0,0.6666666666666666,-2.0,0.10714285714285714,-1.0,-1.0,0.3333333333333333,-1.0,0.0,-2.0,-1.0,1.0,0.0
-3.0,0.3382352941176471,-2.0,-8.0,0.2718168812589413,-1.0,-1.0,1.0,-1.0,-1.0,1.0,-2.0,0.5178571428571429,-1.0,-1.0,1.0,-1.0,1.0,-1.0,-1.0,1.0,0.0
-2.0,0.029411764705882353,-2.0,-1.0,0.027676901067459007,-2.0,-2.0,0.3333333333333333,-2.0,-2.0,0.6666666666666666,-1.0,0.8035714285714286,-1.0,-1.0,0.0,-1.0,0.0,-2.0,-1.0,1.0,0.0
-3.0,0.029411764705882353,-5.0,-1.0,0.08253549026081215,-3.0,-1.0,0.3333333333333333,-1.0,-1.0,1.0,-2.0,0.4642857142857143,-2.0,-1.0,0.0,-2.0,1.0,-2.0,-1.0,1.0,0.0
-1.0,0.25,-2.0,-1.0,0.0872125013755915,-2.0,-2.0,0.6666666666666666,-2.0,-1.0,0.3333333333333333,-1.0,0.10714285714285714,-1.0,-1.0,0.3333333333333333,-1.0,0.0,-1.0,-1.0,1.0,1.0
-3.0,0.29411764705882354,-1.0,-4.0,0.05705953560030813,-4.0,-1.0,1.0,-2.0,-1.0,1.0,-1.0,0.32142857142857145,-1.0,-1.0,0.3333333333333333,-1.0,0.0,-1.0,-1.0,1.0,0.0
-1.0,0.14705882352941177,-2.0,-4.0,0.48024650599757895,-2.0,-1.0,0.0,-3.0,-1.0,1.0,-2.0,0.4642857142857143,-1.0,-1.0,0.0,-3.0,0.0,-1.0,-2.0,1.0,1.0
-1.0,0.29411764705882354,-2.0,-3.0,0.20743919885550788,-2.0,-2.0,0.3333333333333333,-1.0,-1.0,0.3333333333333333,-4.0,0.14285714285714285,-3.0,-1.0,0.0,-1.0,0.0,-2.0,-1.0,1.0,0.0
