100,20,2
-3.0,0.16176470588235295,-1.0,-2.0,0.07054033234290745,-5.0,-2.0,1.0,-2.0,-1.0,0.6666666666666666,-4.0,0.21428571428571427,-1.0,-1.0,0.0,-1.0,0.0,-2.0,-1.0,1.0,0.0
-2.0,0.20588235294117646,-1.0,-1.0,0.08501155496863651,-2.0,-1.0,0.6666666666666666,-2.0,-2.0,1.0,-1.0,0.5178571428571429,-2.0,-3.0,0.3333333333333333,-2.0,0.0,-1.0,-1.0,1.0,0.0
-2.0,0.47058823529411764,-2.0,-1.0,0.11406404754044239,-2.0,-3.0,1.0,-1.0,-1.0,1.0,-4.0,0.08928571428571429,-1.0,-3.0,0.0,-1.0,0.0,-2.0,-1.0,0.0,0.0
-1.0,0.47058823529411764,-2.0,-3.0,0.2712116209970287,-2.0,-3.0,1.0,-1.0,-1.0,0.3333333333333333,-2.0,0.17857142857142858,-1.0,-1.0,0.0,-1.0,0.0,-2.0,-1.0,1.0,1.0
-2.0,0.11764705882352941,-1.0,-3.0,0.18526466380543632,-2.0,-1.0,0.0,-1.0,-1.0,1.0,-4.0,0.16071428571428573,-1.0,-3.0,0.6666666666666666,-1.0,0.0,-1.0,-1.0,1.0,0.0
-1.0,0.20588235294117646,-1.0,-8.0,0.05172224056344228,-2.0,-4.0,0.3333333333333333,-2.0,-1.0,1.0,-3.0,0.6428571428571429,-1.0,-2.0,0.6666666666666666,-4.0,1.0,-2.0,-1.0,1.0,1.0
-3.0,0.20588235294117646,-2.0,-1.0,0.06729393639264884,-2.0,-5.0,0.6666666666666666,-4.0,-1.0,1.0,-1.0,0.35714285714285715,-1.0,-1.0,0.0,-1.0,0.0,-1.0,-1.0,1.0,0.0
-3.0,0.11764705882352941,-2.0,-1.0,0.10030813249697369,-5.0,-2.0,1.0,-2.0,-3.0,0.3333333333333333,-1.0,0.16071428571428573,-1.0,-1.0,0.0,-1.0,0.0,-2.0,-1.0,1.0,0.0
-3.0,0.47058823529411764,-1.0,-1.0,0.5126004181798173,-2.0,-2.0,0.3333333333333333,-2.0,-1.0,0.3333333333333333,-4.0,0.21428571428571427,-3.0,-1.0,0.3333333333333333,-1.0,0.0,-2.0,-1.0,1.0,0.0
-2.0,0.47058823529411764,-4.0,-1.0,0.19555408825795093,-2.0,-2.0,1.0,-2.0,-1.0,0.0,-4.0,0.4107142857142857,-1.0,-1.0,0.0,-1.0,0.0,-1.0,-1.0,1.0,1.0
-2.0,0.16176470588235295,-5.0,-4.0,0.36315615714757343,-5.0,-4.0,0.0,-1.0,-1.0,0.3333333333333333,-2.0,0.26785714285714285,-1.0,-1.0,0.0,-3.0,1.0,-1.0,-1.0,1.0,1.0
-3.0,0.6470588235294118,-5.0,-6.0,0.18482447452404535,-2.0,-2.0,0.0,-2.0,-1.0,0.0,-1.0,0.14285714285714285,-3.0,-1.0,0.0,-1.0,0.0,-2.0,-1.0,1.0,0.0
-4.0,0.16176470588235295,-2.0,-2.0,0.007813359744690216,-2.0,-5.0,1.0,-2.0,-1.0,1.0,-2.0,0.07142857142857142,-1.0,-3.0,0.0,-1.0,0.0,-1.0,-1.0,0.0,0.0
-2.0,0.07352941176470588,-5.0,-4.0,0.06531308462638935,-5.0,-3.0,0.3333333333333333,-1.0,-1.0,0.6666666666666666,-3.0,0.17857142857142858,-1.0,-1.0,0.0,-1.0,0.0,-2.0,-1.0,1.0,1.0
-3.0,0.29411764705882354,-2.0,-4.0,0.1929679762297788,-2.0,-1.0,1.0,-2.0,-3.0,1.0,-3.0,0.7678571428571429,-1.0,-2.0,0.0,-1.0,0.0,-1.0,-1.0,1.0,0.0
-3.0,0.38235294117647056,-5.0,-5.0,0.3980961813579839,-1.0,-4.0,1.0,-2.0,-1.0,0.0,-1.0,0.6071428571428571,-2.0,-1.0,0.0,-3.0,0.0,-1.0,-1.0,1.0,1.0
-2.0,0.6470588235294118,-4.0,-9.0,1.0,-2.0,-2.0,0.0,-2.0,-1.0,0.3333333333333333,-2.0,0.23214285714285715,-2.0,-1.0,0.0,-3.0,0.0,-1.0,-2.0,1.0,1.0
-1.0,0.5294117647058824,-1.0,-2.0,0.3162759986794322,-2.0,-2.0,1.0,-1.0,-1.0,0.6666666666666666,-3.0,0.14285714285714285,-2.0,-1.0,0.0,-1.0,0.0,-1.0,-1.0,1.0,1.0
-3.0,0.23529411764705882,-1.0,-4.0,0.17800154066248486,-1.0,-5.0,0.3333333333333333,-3.0,-1.0,1.0,-1.0,0.44642857142857145,-1.0,-1.0,0.3333333333333333,-1.0,0.0,-1.0,-1.0,1.0,0.0
-1.0,0.029411764705882353,-1.0,-4.0,0.061131286453174866,-2.0,-5.0,0.3333333333333333,-1.0,-1.0,1.0,-1.0,0.375,-1.0,-1.0,0.0,-2.0,1.0,-2.0,-2.0,1.0,0.0
-1.0,0.47058823529411764,-1.0,-3.0,0.11543963904478927,-2.0,-2.0,0.6666666666666666,-4.0,-1.0,0.3333333333333333,-2.0,0.48214285714285715,-1.0,-1.0,0.3333333333333333,-1.0,0.0,-1.0,-1.0,1.0,0.0
-3.0,0.08823529411764706,-2.0,-4.0,0.0713106635853417,-2.0,-2.0,0.6666666666666666,-1.0,-1.0,0.3333333333333333,-1.0,0.21428571428571427,-1.0,-1.0,0.0,-2.0,1.0,-2.0,-2.0,1.0,0.0
-1.0,0.11764705882352941,-2.0,-3.0,0.12804005722460657,-2.0,-2.0,0.3333333333333333,-3.0,-1.0,0.0,-4.0,0.4107142857142857,-1.0,-1.0,0.0,-1.0,0.0,-2.0,-1.0,1.0,0.0
-3.0,0.29411764705882354,-3.0,-4.0,0.09805216242984484,-2.0,-1.0,1.0,-1.0,-1.0,1.0,-3.0,0.7321428571428571,-1.0,-2.0,0.3333333333333333,-1.0,0.0,-1.0,-1.0,1.0,0.0
-1.0,0.3382352941176471,-1.0,-6.0,0.12061186310113349,-2.0,-1.0,1.0,-1.0,-1.0,1.0,-4.0,0.42857142857142855,-3.0,-1.0,1.0,-3.0,1.0,-1.0,-1.0,1.0,0.0
-3.0,0.20588235294117646,-2.0,-3.0,0.12462859029382635,-2.0,-2.0,0.6666666666666666,-1.0,-1.0,1.0,-1.0,0.42857142857142855,-1.0,-1.0,0.0,-1.0,0.0,-1.0,-1.0,1.0,0.0
-3.0,0.29411764705882354,-1.0,-2.0,0.09227467811158799,-1.0,-2.0,0.6666666666666666,-2.0,-1.0,0.3333333333333333,-4.0,0.25,-1.0,-1.0,0.3333333333333333,-1.0,0.0,-1.0,-1.0,1.0,0.0
-2.0,0.20588235294117646,-1.0,-4.0,0.044349070100143065,-2.0,-1.0,0.6666666666666666,-1.0,-2.0,0.6666666666666666,-1.0,0.19642857142857142,-2.0,-1.0,0.3333333333333333,-1.0,0.0,-2.0,-1.0,1.0,1.0
-1.0,0.38235294117647056,-2.0,-5.0,0.19847034224716628,-2.0,-2.0,1.0,-3.0,-1.0,1.0,-2.0,0.375,-1.0,-1.0,0.0,-3.0,0.0,-1.0,-1.0,1.0,0.0
-3.0,0.47058823529411764,-1.0,-4.0,0.4184549356223176,-2.0,-2.0,1.0,-2.0,-1.0,0.3333333333333333,-1.0,0.10714285714285714,-3.0,-1.0,0.3333333333333333,-1.0,0.0,-1.0,-1.0,1.0,1.0
-3.0,0.29411764705882354,-2.0,-1.0,0.05838010344448113,-5.0,-3.0,1.0,-4.0,-1.0,0.6666666666666666,-2.0,0.125,-1.0,-1.0,0.0,-1.0,0.0,-1.0,-1.0,1.0,0.0
-2.0,0.11764705882352941,-2.0,-4.0,0.05749972488169913,-2.0,-5.0,0.6666666666666666,-2.0,-1.0,0.0,-4.0,0.10714285714285714,-1.0,-3.0,0.0,-1.0,0.0,-2.0,-1.0,1.0,1.0
-1.0,0.29411764705882354,-3.0,-1.0,0.07752833718498954,-2.0,-5.0,1.0,-2.0,-1.0,0.3333333333333333,-4.0,0.17857142857142858,-1.0,-3.0,0.0,-2.0,0.0,-1.0,-1.0,1.0,1.0
-1.0,0.20588235294117646,-2.0,-1.0,0.11769560911191812,-2.0,-5.0,1.0,-2.0,-1.0,0.0,-4.0,0.14285714285714285,-3.0,-1.0,0.0,-1.0,0.0,-2.0,-1.0,1.0,0.0
-1.0,0.29411764705882354,-2.0,-3.0,0.4110817651590184,-1.0,-5.0,0.0,-2.0,-1.0,0.3333333333333333,-2.0,0.19642857142857142,-1.0,-1.0,0.0,-1.0,0.0,-1.0,-2.0,1.0,0.0
-1.0,0.6323529411764706,-2.0,-4.0,0.5762077693408165,-2.0,-5.0,0.0,-2.0,-1.0,0.0,-1.0,0.2857142857142857,-1.0,-1.0,0.0,-2.0,0.0,-1.0,-1.0,1.0,0.0
-1.0,0.11764705882352941,-2.0,-4.0,0.053813139650049524,-2.0,-2.0,1.0,-2.0,-1.0,0.3333333333333333,-1.0,0.08928571428571429,-1.0,-1.0,0.0,-2.0,0.0,-2.0,-1.0,0.0,1.0
-2.0,0.11764705882352941,-1.0,-4.0,0.1581379993397161,-2.0,-5.0,0.0,-1.0,-1.0,0.6666666666666666,-1.0,0.5357142857142857,-2.0,-1.0,0.3333333333333333,-2.0,1.0,-2.0,-1.0,1.0,0.0
-3.0,0.0,-1.0,-1.0,0.06894464619786508,-2.0,-3.0,0.3333333333333333,-1.0,-1.0,0.0,-1.0,0.4107142857142857,-1.0,-1.0,0.3333333333333333,-2.0,1.0,-2.0,-1.0,1.0,0.0
-3.0,0.20588235294117646,-2.0,-6.0,0.0935402222955871,-2.0,-3.0,1.0,-1.0,-1.0,0.0,-4.0,0.26785714285714285,-3.0,-1.0,0.3333333333333333,-1.0,0.0,-1.0,-1.0,1.0,0.0
-2.0,0.23529411764705882,-2.0,-5.0,0.3421371189611533,-1.0,-4.0,0.0,-3.0,-1.0,1.0,-1.0,0.7321428571428571,-1.0,-1.0,0.0,-3.0,0.0,-1.0,-1.0,1.0,0.0
-1.0,0.11764705882352941,-2.0,-7.0,0.02701661714537251,-5.0,-4.0,1.0,-2.0,-1.0,0.6666666666666666,-2.0,0.05357142857142857,-1.0,-1.0,0.0,-1.0,0.0,-2.0,-1.0,0.0,1.0
-3.0,0.08823529411764706,-2.0,-3.0,0.10784637394079453,-2.0,-2.0,0.3333333333333333,-1.0,-1.0,0.3333333333333333,-1.0,0.10714285714285714,-2.0,-3.0,0.0,-2.0,0.0,-2.0,-1.0,1.0,1.0
-3.0,0.16176470588235295,-1.0,-3.0,0.13965004952129415,-2.0,-3.0,0.3333333333333333,-2.0,-3.0,0.6666666666666666,-4.0,0.08928571428571429,-2.0,-1.0,0.3333333333333333,-1.0,0.0,-2.0,-1.0,0.0,0.0
-3.0,0.11764705882352941,-1.0,-1.0,0.014966435567293936,-3.0,-1.0,1.0,-1.0,-1.0,1.0,-2.0,0.4107142857142857,-1.0,-1.0,0.3333333333333333,-1.0,1.0,-1.0,-1.0,1.0,0.0
-2.0,0.29411764705882354,-3.0,-3.0,0.09981291955540883,-2.0,-4.0,0.6666666666666666,-2.0,-1.0,0.3333333333333333,-2.0,0.26785714285714285,-1.0,-1.0,0.0,-3.0,0.0,-1.0,-1.0,1.0,1.0
-4.0,0.38235294117647056,-1.0,-1.0,0.15225046770111147,-2.0,-1.0,1.0,-1.0,-1.0,1.0,-2.0,0.5,-1.0,-1.0,0.0,-1.0,0.0,-2.0,-1.0,1.0,0.0
-2.0,0.29411764705882354,-2.0,-5.0,0.6223175965665236,-2.0,-2.0,0.0,-2.0,-1.0,1.0,-4.0,0.07142857142857142,-1.0,-3.0,0.3333333333333333,-3.0,0.0,-2.0,-1.0,0.0,1.0
-3.0,0.3382352941176471,-3.0,-6.0,0.26780015406624846,-2.0,-3.0,0.6666666666666666,-1.0,-1.0,1.0,-4.0,0.125,-1.0,-1.0,0.3333333333333333,-1.0,0.0,-2.0,-1.0,1.0,0.0
-1.0,0.29411764705882354,-2.0,-5.0,0.14097061736546715,-1.0,-1.0,0.3333333333333333,-2.0,-1.0,1.0,-1.0,0.125,-1.0,-3.0,0.0,-1.0,0.0,-2.0,-1.0,1.0,0.0
-1.0,0.29411764705882354,-2.0,-5.0,0.14933421371189612,-1.0,-1.0,1.0,-1.0,-1.0,1.0,-3.0,0.5357142857142857,-2.0,-2.0,0.0,-1.0,1.0,-1.0,-1.0,1.0,0.0
-2.0,0.6470588235294118,-5.0,-6.0,0.18245845713656872,-5.0,-3.0,1.0,-1.0,-1.0,0.3333333333333333,-4.0,0.19642857142857142,-1.0,-1.0,0.0,-1.0,0.0,-2.0,-1.0,1.0,0.0
-3.0,0.08823529411764706,-2.0,-10.0,0.03543523715197535,-1.0,-3.0,1.0,-2.0,-1.0,0.6666666666666666,-2.0,0.375,-1.0,-1.0,0.0,-1.0,0.0,-1.0,-1.0,1.0,0.0
-3.0,0.29411764705882354,-2.0,-1.0,0.09084406294706723,-5.0,-2.0,1.0,-1.0,-1.0,1.0,-4.0,0.17857142857142858,-1.0,-3.0,0.0,-3.0,0.0,-1.0,-1.0,1.0,0.0
-2.0,0.07352941176470588,-1.0,-2.0,0.04875096291405304,-4.0,-1.0,1.0,-1.0,-1.0,0.6666666666666666,-3.0,0.23214285714285715,-1.0,-2.0,0.3333333333333333,-1.0,1.0,-2.0,-1.0,1.0,1.0
-3.0,0.6470588235294118,-1.0,-2.0,0.32243864861890614,-2.0,-2.0,0.0,-1.0,-1.0,0.6666666666666666,-3.0,0.21428571428571427,-2.0,-2.0,0.0,-1.0,0.0,-1.0,-1.0,1.0,0.0
-1.0,0.20588235294117646,-2.0,-3.0,0.12171233630461098,-2.0,-2.0,0.3333333333333333,-1.0,-1.0,0.3333333333333333,-4.0,0.05357142857142857,-1.0,-1.0,0.0,-1.0,0.0,-2.0,-1.0,0.0,1.0
-3.0,0.08823529411764706,-2.0,-4.0,0.06129635743369649,-2.0,-2.0,0.3333333333333333,-2.0,-1.0,1.0,-4.0,0.8035714285714286,-1.0,-1.0,0.0,-1.0,0.0,-1.0,-1.0,1.0,0.0
-2.0,0.29411764705882354,-3.0,-4.0,0.09436557719819523,-1.0,-2.0,1.0,-2.0,-1.0,1.0,-4.0,0.4107142857142857,-1.0,-3.0,0.3333333333333333,-1.0,0.0,-1.0,-1.0,1.0,0.0
-2.0,0.08823529411764706,-5.0,-1.0,0.043908880818752064,-2.0,-2.0,1.0,-1.0,-1.0,1.0,-1.0,0.07142857142857142,-3.0,-1.0,0.0,-2.0,0.0,-2.0,-1.0,0.0,0.0
-1.0,0.29411764705882354,-2.0,-3.0,0.1702982282381424,-2.0,-1.0,1.0,-1.0,-1.0,0.3333333333333333,-2.0,0.35714285714285715,-1.0,-3.0,0.0,-3.0,0.0,-1.0,-1.0,1.0,1.0
-3.0,0.29411764705882354,-3.0,-6.0,0.15010454495433037,-1.0,-2.0,1.0,-1.0,-1.0,1.0,-1.0,0.23214285714285715,-1.0,-1.0,0.3333333333333333,-1.0,1.0,-1.0,-1.0,1.0,0.0
-3.0,0.38235294117647056,-1.0,-5.0,0.40420380763728403,-1.0,-1.0,0.0,-1.0,-1.0,1.0,-4.0,0.7857142857142857,-1.0,-1.0,0.3333333333333333,-1.0,0.0,-2.0,-1.0,1.0,0.0
-3.0,0.29411764705882354,-1.0,-3.0,0.07345658633212282,-2.0,-3.0,1.0,-1.0,-1.0,0.6666666666666666,-2.0,0.375,-1.0,-1.0,0.3333333333333333,-1.0,0.0,-2.0,-1.0,1.0,0.0
-3.0,0.29411764705882354,-1.0,-3.0,0.1940684494332563,-4.0,-2.0,1.0,-1.0,-1.0,1.0,-1.0,0.5535714285714286,-1.0,-1.0,0.0,-1.0,0.0,-1.0,-1.0,1.0,0.0
-2.0,0.6470588235294118,-2.0,-9.0,0.28232640035215145,-1.0,-4.0,0.6666666666666666,-1.0,-1.0,1.0,-3.0,0.375,-2.0,-2.0,0.0,-4.0,0.0,-1.0,-1.0,1.0,0.0
-3.0,0.29411764705882354,-1.0,-6.0,0.21398701441619897,-5.0,-2.0,0.6666666666666666,-1.0,-1.0,0.6666666666666666,-2.0,0.14285714285714285,-1.0,-1.0,0.3333333333333333,-2.0,0.0,-1.0,-1.0,1.0,0.0
-1.0,0.11764705882352941,-2.0,-1.0,0.07868383404864092,-3.0,-1.0,0.6666666666666666,-4.0,-1.0,0.0,-1.0,0.2857142857142857,-1.0,-1.0,0.0,-1.0,0.0,-2.0,-1.0,1.0,0.0
-4.0,0.25,-2.0,-4.0,0.14707824364476724,-5.0,-2.0,0.0,-2.0,-1.0,0.0,-4.0,0.16071428571428573,-2.0,-1.0,0.0,-3.0,0.0,-1.0,-1.0,1.0,0.0
-3.0,0.07352941176470588,-2.0,-1.0,0.13772422141520854,-5.0,-1.0,0.6666666666666666,-1.0,-3.0,1.0,-4.0,0.2857142857142857,-1.0,-1.0,0.0,-1.0,0.0,-1.0,-1.0,1.0,0.0
-3.0,0.16176470588235295,-2.0,-1.0,0.06250687795752173,-1.0,-2.0,1.0,-4.0,-1.0,0.3333333333333333,-1.0,0.375,-1.0,-3.0,0.0,-1.0,0.0,-1.0,-1.0,1.0,0.0
-4.0,0.08823529411764706,-2.0,-3.0,0.056399251678221636,-2.0,-5.0,1.0,-2.0,-1.0,0.3333333333333333,-2.0,0.07142857142857142,-1.0,-1.0,0.0,-1.0,0.0,-2.0,-1.0,0.0,0.0
-3.0,0.11764705882352941,-2.0,-5.0,0.06399251678221635,-4.0,-3.0,0.6666666666666666,-1.0,-1.0,0.3333333333333333,-2.0,0.6428571428571429,-1.0,-1.0,0.0,-1.0,0.0,-2.0,-2.0,1.0,0.0
-2.0,0.29411764705882354,-2.0,-3.0,0.22565203037306042,-1.0,-2.0,0.0,-2.0,-1.0,1.0,-2.0,0.5178571428571429,-1.0,-1.0,0.0,-2.0,0.0,-1.0,-1.0,1.0,0.0
-2.0,0.10294117647058823,-2.0,-3.0,0.07301639705073182,-4.0,-5.0,1.0,-2.0,-1.0,0.0,-1.0,0.017857142857142856,-1.0,-1.0,0.0,-1.0,0.0,-2.0,-1.0,0.0,0.0
-3.0,0.29411764705882354,-1.0,-1.0,0.12991086167051832,-2.0,-1.0,1.0,-4.0,-3.0,0.6666666666666666,-1.0,0.48214285714285715,-1.0,-1.0,0.3333333333333333,-1.0,0.0,-2.0,-1.0,1.0,0.0
-1.0,0.29411764705882354,-2.0,-4.0,0.2512930560140861,-2.0,-3.0,0.3333333333333333,-1.0,-3.0,0.6666666666666666,-2.0,0.21428571428571427,-1.0,-1.0,0.0,-1.0,0.0,-1.0,-1.0,1.0,1.0
-3.0,0.8235294117647058,-3.0,-1.0,0.847529437658193,-2.0,-3.0,0.3333333333333333,-1.0,-1.0,1.0,-4.0,0.03571428571428571,-1.0,-1.0,0.3333333333333333,-1.0,0.0,-1.0,-1.0,0.0,0.0
-4.0,0.38235294117647056,-3.0,-6.0,0.09122922856828436,-2.0,-1.0,1.0,-1.0,-1.0,1.0,-1.0,0.8392857142857143,-1.0,-1.0,0.0,-3.0,0.0,-1.0,-1.0,1.0,1.0
-3.0,0.07352941176470588,-2.0,-4.0,0.12418840101243535,-3.0,-1.0,0.3333333333333333,-1.0,-1.0,1.0,-3.0,0.5714285714285714,-1.0,-2.0,0.0,-2.0,0.0,-2.0,-1.0,1.0,0.0
-3.0,0.16176470588235295,-2.0,-5.0,0.19599427753934193,-5.0,-5.0,0.0,-2.0,-1.0,1.0,-4.0,0.07142857142857142,-1.0,-1.0,0.0,-1.0,0.0,-1.0,-1.0,0.0,0.0
-1.0,0.11764705882352941,-2.0,-4.0,0.050511720039617035,-2.0,-2.0,1.0,-4.0,-1.0,0.6666666666666666,-1.0,0.14285714285714285,-1.0,-1.0,0.0,-2.0,0.0,-2.0,-1.0,1.0,0.0
-3.0,0.47058823529411764,-3.0,-1.0,0.23181468031253438,-2.0,-2.0,1.0,-1.0,-1.0,0.3333333333333333,-4.0,0.125,-1.0,-1.0,0.3333333333333333,-3.0,0.0,-1.0,-1.0,1.0,1.0
-1.0,0.38235294117647056,-2.0,-3.0,0.118631011334874,-2.0,-3.0,1.0,-2.0,-1.0,1.0,-1.0,0.07142857142857142,-1.0,-3.0,0.0,-1.0,0.0,-2.0,-1.0,0.0,1.0
-1.0,0.029411764705882353,-2.0,-1.0,0.1318917134367778,-3.0,-2.0,0.3333333333333333,-1.0,-1.0,0.6666666666666666,-1.0,0.44642857142857145,-1.0,-3.0,0.0,-1.0,1.0,-2.0,-1.0,1.0,0.0
-3.0,0.11764705882352941,-2.0,-1.0,0.09425552987784748,-2.0,-3.0,1.0,-1.0,-1.0,0.3333333333333333,-4.0,0.21428571428571427,-1.0,-3.0,0.3333333333333333,-3.0,1.0,-1.0,-1.0,1.0,0.0
-2.0,0.11764705882352941,-2.0,-1.0,0.04996148343787829,-3.0,-2.0,0.6666666666666666,-3.0,-1.0,0.0,-4.0,0.125,-1.0,-1.0,0.0,-1.0,0.0,-1.0,-1.0,1.0,0.0
-1.0,0.029411764705882353,-2.0,-7.0,0.005117200396170353,-2.0,-5.0,1.0,-2.0,-1.0,0.0,-1.0,0.14285714285714285,-1.0,-1.0,0.0,-1.0,0.0,-2.0,-1.0,1.0,0.0
-3.0,0.07352941176470588,-2.0,-1.0,0.06756905469351822,-2.0,-3.0,1.0,-1.0,-1.0,0.3333333333333333,-4.0,0.05357142857142857,-1.0,-1.0,0.0,-1.0,0.0,-2.0,-1.0,0.0,1.0
-2.0,0.16176470588235295,-2.0,-8.0,0.13101133487399583,-5.0,-2.0,0.6666666666666666,-2.0,-1.0,0.3333333333333333,-1.0,0.10714285714285714,-1.0,-1.0,0.0,-2.0,0.0,-2.0,-1.0,1.0,0.0
-3.0,0.16176470588235295,-2.0,-5.0,0.0577748431825685,-1.0,-1.0,1.0,-1.0,-1.0,1.0,-3.0,0.4642857142857143,-2.0,-2.0,0.0,-1.0,1.0,-2.0,-1.0,1.0,0.0
-1.0,0.058823529411764705,-1.0,-9.0,0.050291625398921534,-2.0,-1.0,0.6666666666666666,-1.0,-1.0,1.0,-3.0,0.5714285714285714,-2.0,-2.0,0.3333333333333333,-3.0,1.0,-1.0,-1.0,1.0,0.0
-2.0,0.6470588235294118,-3.0,-6.0,0.3538571585781886,-1.0,-2.0,1.0,-1.0,-1.0,1.0,-3.0,0.3392857142857143,-1.0,-2.0,0.0,-1.0,1.0,-1.0,-1.0,1.0,0.0
-3.0,0.11764705882352941,-2.0,-1.0,0.10404974138879718,-5.0,-3.0,0.6666666666666666,-1.0,-1.0,0.0,-3.0,0.2857142857142857,-1.0,-1.0,0.0,-1.0,0.0,-2.0,-1.0,1.0,0.0
-2.0,0.3382352941176471,-1.0,-1.0,0.12490370859469573,-3.0,-2.0,1.0,-1.0,-1.0,0.3333333333333333,-2.0,0.07142857142857142,-1.0,-1.0,0.3333333333333333,-2.0,0.0,-2.0,-1.0,0.0,1.0
-3.0,0.20588235294117646,-1.0,-1.0,0.05056674369979091,-1.0,-2.0,1.0,-1.0,-1.0,0.6666666666666666,-2.0,0.17857142857142858,-1.0,-1.0,0.3333333333333333,-1.0,0.0,-1.0,-1.0,1.0,0.0
-3.0,0.20588235294117646,-2.0,-5.0,0.17211400902388027,-1.0,-2.0,0.3333333333333333,-1.0,-1.0,0.0,-2.0,0.21428571428571427,-1.0,-1.0,0.0,-1.0,0.0,-1.0,-1.0,1.0,0.0
-3.0,0.08823529411764706,-2.0,-2.0,0.026246285902938263,-3.0,-1.0,1.0,-1.0,-1.0,1.0,-3.0,0.48214285714285715,-1.0,-2.0,0.0,-1.0,0.0,-1.0,-1.0,1.0,0.0
-2.0,0.38235294117647056,-5.0,-3.0,0.17860680092439749,-4.0,-2.0,1.0,-1.0,-1.0,0.3333333333333333,-4.0,0.26785714285714285,-3.0,-1.0,0.0,-1.0,1.0,-1.0,-1.0,1.0,0.0
-1.0,0.47058823529411764,-1.0,-3.0,0.3289864641795972,-2.0,-5.0,1.0,-2.0,-3.0,1.0,-3.0,0.07142857142857142,-1.0,-3.0,0.3333333333333333,-2.0,0.0,-1.0,-1.0,0.0,1.0
