100,20,2
-2.0,0.6470588235294118,-4.0,-6.0,0.1977550346649059,-5.0,-3.0,1.0,-1.0,-1.0,1.0,-3.0,0.26785714285714285,-1.0,-2.0,0.0,-2.0,1.0,-2.0,-1.0,1.0,1.0
-1.0,0.5588235294117647,-1.0,-8.0,0.17299438758666227,-2.0,-4.0,1.0,-1.0,-3.0,1.0,-4.0,0.8214285714285714,-1.0,-1.0,0.3333333333333333,-4.0,0.0,-2.0,-1.0,1.0,0.0
-3.0,0.11764705882352941,-2.0,-1.0,0.15555188731154396,-2.0,-2.0,0.3333333333333333,-1.0,-1.0,1.0,-4.0,0.5892857142857143,-1.0,-1.0,0.0,-1.0,0.0,-1.0,-1.0,1.0,0.0
-2.0,0.29411764705882354,-3.0,-4.0,0.09436557719819523,-1.0,-2.0,1.0,-2.0,-1.0,1.0,-4.0,0.4107142857142857,-1.0,-3.0,0.3333333333333333,-1.0,0.0,-1.0,-1.0,1.0,0.0
-1.0,0.29411764705882354,-2.0,-1.0,0.11742049081104874,-2.0,-1.0,1.0,-1.0,-1.0,1.0,-1.0,0.8035714285714286,-2.0,-3.0,0.0,-2.0,0.0,-2.0,-1.0,1.0,0.0
-2.0,0.47058823529411764,-2.0,-1.0,0.2500825354902608,-2.0,-5.0,1.0,-2.0,-1.0,0.0,-3.0,0.19642857142857142,-1.0,-1.0,0.0,-3.0,0.0,-1.0,-1.0,1.0,0.0
-2.0,0.07352941176470588,-2.0,-3.0,0.03675580499614834,-2.0,-2.0,1.0,-2.0,-1.0,0.0,-2.0,0.19642857142857142,-1.0,-1.0,0.0,-1.0,0.0,-2.0,-1.0,1.0,1.0
-2.0,0.47058823529411764,-2.0,-2.0,0.6802024870694399,-5.0,-2.0,0.0,-1.0,-1.0,1.0,-3.0,0.5,-1.0,-2.0,0.0,-1.0,1.0,-1.0,-1.0,1.0,1.0
-1.0,0.38235294117647056,-1.0,-5.0,0.3266754704522945,-5.0,-3.0,0.0,-4.0,-1.0,1.0,-4.0,0.08928571428571429,-1.0,-3.0,0.3333333333333333,-1.0,0.0,-2.0,-1.0,0.0,0.0
-3.0,0.29411764705882354,-2.0,-1.0,0.0412127214702322,-1.0,-1.0,1.0,-1.0,-1.0,0.3333333333333333,-4.0,0.10714285714285714,-1.0,-1.0,0.3333333333333333,-1.0,0.0,-2.0,-1.0,1.0,0.0
-2.0,0.11764705882352941,-2.0,-4.0,0.32067789149334214,-2.0,-3.0,0.3333333333333333,-1.0,-1.0,0.3333333333333333,-4.0,0.23214285714285715,-1.0,-1.0,0.0,-1.0,0.0,-2.0,-1.0,1.0,0.0
-2.0,0.6470588235294118,-3.0,-2.0,0.32871134587872786,-2.0,-1.0,1.0,-1.0,-1.0,1.0,-3.0,0.5535714285714286,-1.0,-2.0,0.0,-1.0,0.0,-2.0,-1.0,1.0,1.0
-1.0,0.29411764705882354,-2.0,-1.0,0.07444701221525256,-2.0,-1.0,1.0,-2.0,-1.0,1.0,-4.0,0.6428571428571429,-1.0,-1.0,0.0,-1.0,0.0,-2.0,-1.0,1.0,0.0
-3.0,0.07352941176470588,-2.0,-1.0,0.13464289644547156,-2.0,-2.0,0.0,-1.0,-1.0,0.3333333333333333,-1.0,0.23214285714285715,-1.0,-1.0,0.0,-1.0,1.0,-2.0,-1.0,1.0,0.0
-1.0,0.29411764705882354,-2.0,-4.0,0.06223175965665236,-1.0,-2.0,1.0,-2.0,-1.0,0.3333333333333333,-2.0,0.2857142857142857,-1.0,-1.0,0.0,-1.0,0.0,-2.0,-1.0,1.0,1.0
-2.0,0.38235294117647056,-1.0,-4.0,0.10625068779575217,-1.0,-1.0,1.0,-1.0,-1.0,1.0,-1.0,0.30357142857142855,-1.0,-1.0,0.3333333333333333,-1.0,0.0,-2.0,-1.0,1.0,0.0
-3.0,0.25,-1.0,-5.0,0.16644657202597116,-2.0,-1.0,0.0,-1.0,-1.0,1.0,-4.0,0.30357142857142855,-1.0,-1.0,0.0,-3.0,0.0,-1.0,-1.0,1.0,0.0
-1.0,0.07352941176470588,-1.0,-4.0,0.14025530978320677,-2.0,-2.0,0.3333333333333333,-1.0,-1.0,0.3333333333333333,-1.0,0.30357142857142855,-1.0,-3.0,0.3333333333333333,-1.0,1.0,-2.0,-1.0,1.0,0.0
-3.0,0.29411764705882354,-2.0,-5.0,0.4161989655551887,-2.0,-3.0,0.6666666666666666,-1.0,-1.0,0.6666666666666666,-4.0,0.3392857142857143,-1.0,-1.0,0.0,-3.0,0.0,-1.0,-1.0,1.0,0.0
-3.0,0.07352941176470588,-2.0,-1.0,0.13772422141520854,-5.0,-1.0,0.6666666666666666,-1.0,-3.0,1.0,-4.0,0.2857142857142857,-1.0,-1.0,0.0,-1.0,0.0,-1.0,-1.0,1.0,0.0
-3.0,0.47058823529411764,-2.0,-3.0,0.590073731704633,-2.0,-4.0,1.0,-2.0,-1.0,0.3333333333333333,-4.0,0.125,-1.0,-1.0,0.3333333333333333,-3.0,0.0,-1.0,-1.0,1.0,1.0
-3.0,0.29411764705882354,-2.0,-1.0,0.17497523935292175,-3.0,-1.0,0.6666666666666666,-1.0,-1.0,0.3333333333333333,-4.0,0.21428571428571427,-1.0,-1.0,0.0,-1.0,1.0,-1.0,-1.0,1.0,0.0
-2.0,0.8235294117647058,-2.0,-4.0,0.7580609662154727,-2.0,-3.0,1.0,-1.0,-1.0,0.3333333333333333,-3.0,0.14285714285714285,-1.0,-1.0,0.0,-3.0,0.0,-1.0,-1.0,1.0,1.0
-1.0,0.35294117647058826,-2.0,-4.0,0.20666886761307363,-2.0,-2.0,0.6666666666666666,-1.0,-1.0,0.3333333333333333,-4.0,0.4642857142857143,-1.0,-1.0,0.0,-2.0,0.0,-2.0,-1.0,1.0,1.0
-2.0,0.07352941176470588,-5.0,-4.0,0.06531308462638935,-5.0,-3.0,0.3333333333333333,-1.0,-1.0,0.6666666666666666,-3.0,0.17857142857142858,-1.0,-1.0,0.0,-1.0,0.0,-2.0,-1.0,1.0,1.0
-1.0,0.20588235294117646,-2.0,-3.0,0.04847584461318367,-2.0,-4.0,1.0,-2.0,-1.0,0.3333333333333333,-4.0,0.25,-1.0,-1.0,0.0,-1.0,0.0,-2.0,-1.0,1.0,1.0
-2.0,0.20588235294117646,-1.0,-3.0,0.18498954550456698,-2.0,-1.0,0.6666666666666666,-2.0,-1.0,1.0,-2.0,0.32142857142857145,-1.0,-1.0,0.0,-1.0,0.0,-1.0,-1.0,1.0,0.0
-1.0,0.11764705882352941,-2.0,-2.0,0.02388026851546165,-2.0,-2.0,1.0,-1.0,-1.0,1.0,-4.0,0.375,-1.0,-3.0,0.0,-2.0,1.0,-2.0,-1.0,1.0,1.0
-2.0,0.29411764705882354,-2.0,-1.0,0.2659843732805106,-1.0,-1.0,0.3333333333333333,-2.0,-1.0,1.0,-4.0,0.4107142857142857,-1.0,-1.0,0.0,-1.0,0.0,-1.0,-1.0,1.0,0.0
-1.0,0.11764705882352941,-5.0,-4.0,0.02459557609772202,-2.0,-5.0,1.0,-1.0,-1.0,0.3333333333333333,-4.0,0.48214285714285715,-2.0,-1.0,0.3333333333333333,-1.0,0.0,-1.0,-1.0,1.0,1.0
-1.0,0.38235294117647056,-2.0,-3.0,0.33564432706063607,-1.0,-1.0,1.0,-1.0,-1.0,1.0,-2.0,0.21428571428571427,-1.0,-1.0,0.0,-1.0,0.0,-2.0,-1.0,1.0,1.0
-3.0,0.029411764705882353,-3.0,-1.0,0.03752613623858259,-2.0,-2.0,0.6666666666666666,-2.0,-1.0,0.3333333333333333,-1.0,0.08928571428571429,-1.0,-1.0,0.0,-1.0,0.0,-2.0,-1.0,0.0,0.0
-3.0,0.11764705882352941,-2.0,-4.0,0.10360955210740619,-1.0,-1.0,1.0,-2.0,-1.0,1.0,-3.0,0.5892857142857143,-1.0,-2.0,0.0,-3.0,0.0,-1.0,-1.0,1.0,0.0
-2.0,0.47058823529411764,-2.0,-1.0,0.11406404754044239,-2.0,-3.0,1.0,-1.0,-1.0,1.0,-4.0,0.08928571428571429,-1.0,-3.0,0.0,-1.0,0.0,-2.0,-1.0,0.0,0.0
-1.0,0.029411764705882353,-2.0,-1.0,0.1318917134367778,-3.0,-2.0,0.3333333333333333,-1.0,-1.0,0.6666666666666666,-1.0,0.44642857142857145,-1.0,-3.0,0.0,-1.0,1.0,-2.0,-1.0,1.0,0.0
-3.0,0.29411764705882354,-2.0,-1.0,0.07059535600308132,-2.0,-5.0,1.0,-2.0,-1.0,0.6666666666666666,-4.0,0.3392857142857143,-3.0,-1.0,0.0,-1.0,0.0,-1.0,-1.0,1.0,0.0
-1.0,0.47058823529411764,-3.0,-6.0,0.10426983602949268,-2.0,-3.0,0.3333333333333333,-1.0,-1.0,0.0,-4.0,0.08928571428571429,-1.0,-1.0,0.3333333333333333,-1.0,0.0,-1.0,-1.0,0.0,1.0
-3.0,0.20588235294117646,-1.0,-1.0,0.08528667326950588,-2.0,-2.0,1.0,-1.0,-1.0,0.3333333333333333,-4.0,0.08928571428571429,-1.0,-1.0,0.3333333333333333,-1.0,0.0,-2.0,-1.0,0.0,0.0
-3.0,0.16176470588235295,-1.0,-5.0,0.17156377242214152,-4.0,-1.0,0.6666666666666666,-1.0,-1.0,1.0,-3.0,0.07142857142857142,-1.0,-3.0,0.3333333333333333,-1.0,0.0,-1.0,-1.0,0.0,0.0
-3.0,0.029411764705882353,-1.0,-1.0,0.09067899196654561,-1.0,-2.0,0.0,-1.0,-1.0,0.3333333333333333,-1.0,0.26785714285714285,-1.0,-1.0,0.3333333333333333,-2.0,1.0,-2.0,-1.0,1.0,0.0
-2.0,0.6470588235294118,-5.0,-4.0,0.6558270056124134,-1.0,-4.0,1.0,-1.0,-3.0,1.0,-3.0,0.30357142857142855,-1.0,-2.0,0.0,-3.0,0.0,-1.0,-1.0,1.0,0.0
-3.0,0.5147058823529411,-2.0,-5.0,0.1275998679432156,-3.0,-2.0,1.0,-1.0,-1.0,1.0,-4.0,0.08928571428571429,-1.0,-1.0,0.0,-1.0,0.0,-2.0,-1.0,0.0,0.0
-3.0,0.47058823529411764,-2.0,-5.0,0.4337515131506548,-2.0,-2.0,0.0,-2.0,-1.0,0.3333333333333333,-2.0,0.19642857142857142,-2.0,-1.0,0.0,-1.0,0.0,-2.0,-1.0,1.0,0.0
-1.0,0.029411764705882353,-2.0,-4.0,0.05243754814570265,-5.0,-1.0,0.6666666666666666,-1.0,-1.0,0.3333333333333333,-2.0,0.42857142857142855,-1.0,-1.0,0.0,-1.0,0.0,-1.0,-1.0,1.0,0.0
-2.0,0.47058823529411764,-2.0,-1.0,0.1332122812809508,-5.0,-2.0,1.0,-2.0,-3.0,1.0,-3.0,0.5535714285714286,-1.0,-2.0,0.0,-1.0,0.0,-2.0,-1.0,1.0,1.0
-1.0,0.20588235294117646,-2.0,-4.0,0.22724771651810277,-5.0,-2.0,0.6666666666666666,-1.0,-1.0,1.0,-4.0,0.2857142857142857,-1.0,-1.0,0.0,-2.0,1.0,-1.0,-1.0,1.0,0.0
-2.0,0.47058823529411764,-2.0,-8.0,0.11742049081104874,-2.0,-5.0,1.0,-1.0,-1.0,0.0,-3.0,0.25,-1.0,-3.0,0.0,-2.0,0.0,-2.0,-1.0,1.0,1.0
-1.0,0.20588235294117646,-2.0,-3.0,0.09843732805106195,-2.0,-2.0,0.0,-2.0,-1.0,1.0,-1.0,0.017857142857142856,-2.0,-3.0,0.0,-1.0,0.0,-2.0,-1.0,0.0,1.0
-3.0,0.16176470588235295,-1.0,-3.0,0.17018818091779464,-2.0,-2.0,1.0,-1.0,-1.0,0.3333333333333333,-3.0,0.16071428571428573,-1.0,-2.0,0.0,-1.0,0.0,-1.0,-1.0,1.0,0.0
-3.0,0.29411764705882354,-1.0,-5.0,0.36271596786618243,-1.0,-2.0,0.3333333333333333,-1.0,-1.0,1.0,-2.0,0.48214285714285715,-1.0,-1.0,0.3333333333333333,-3.0,1.0,-1.0,-1.0,1.0,0.0
-1.0,0.16176470588235295,-4.0,-4.0,0.03851656212171234,-2.0,-1.0,1.0,-1.0,-1.0,0.6666666666666666,-4.0,0.25,-1.0,-3.0,0.3333333333333333,-1.0,1.0,-2.0,-1.0,1.0,1.0
-3.0,0.47058823529411764,-1.0,-1.0,0.5126004181798173,-2.0,-2.0,0.3333333333333333,-2.0,-1.0,0.3333333333333333,-4.0,0.21428571428571427,-3.0,-1.0,0.3333333333333333,-1.0,0.0,-2.0,-1.0,1.0,0.0
-2.0,0.11764705882352941,-3.0,-1.0,0.018432926158248045,-2.0,-2.0,1.0,-4.0,-3.0,1.0,-1.0,0.017857142857142856,-1.0,-3.0,0.3333333333333333,-1.0,0.0,-2.0,-1.0,0.0,0.0
-2.0,0.3382352941176471,-3.0,-5.0,0.31446021789369427,-2.0,-1.0,0.0,-1.0,-1.0,0.3333333333333333,-4.0,0.19642857142857142,-1.0,-1.0,0.3333333333333333,-3.0,0.0,-1.0,-1.0,1.0,0.0
-2.0,0.11764705882352941,-2.0,-1.0,0.028392208649719378,-3.0,-2.0,1.0,-1.0,-1.0,0.6666666666666666,-1.0,0.8392857142857143,-1.0,-1.0,0.0,-2.0,0.0,-2.0,-1.0,1.0,1.0
-1.0,0.6029411764705882,-2.0,-1.0,0.08776273797733025,-2.0,-2.0,1.0,-1.0,-1.0,1.0,-3.0,0.07142857142857142,-1.0,-2.0,0.0,-1.0,0.0,-1.0,-1.0,0.0,1.0
-1.0,0.11764705882352941,-2.0,-1.0,0.02481567073841752,-2.0,-2.0,1.0,-4.0,-1.0,0.3333333333333333,-1.0,0.375,-1.0,-1.0,0.0,-2.0,0.0,-2.0,-1.0,1.0,0.0
-2.0,0.11764705882352941,-2.0,-4.0,0.03224386486189061,-5.0,-5.0,1.0,-2.0,-1.0,0.3333333333333333,-2.0,0.07142857142857142,-2.0,-1.0,0.0,-2.0,0.0,-2.0,-1.0,0.0,1.0
-3.0,0.29411764705882354,-2.0,-10.0,0.03780125453945196,-2.0,-5.0,1.0,-4.0,-1.0,0.6666666666666666,-4.0,0.14285714285714285,-1.0,-1.0,0.3333333333333333,-2.0,0.0,-2.0,-1.0,1.0,0.0
-1.0,0.029411764705882353,-1.0,-3.0,0.17244415098492352,-2.0,-2.0,0.0,-3.0,-1.0,1.0,-1.0,0.44642857142857145,-1.0,-3.0,0.0,-3.0,0.0,-1.0,-1.0,1.0,1.0
-3.0,0.11764705882352941,-1.0,-1.0,0.014966435567293936,-3.0,-1.0,1.0,-1.0,-1.0,1.0,-2.0,0.4107142857142857,-1.0,-1.0,0.3333333333333333,-1.0,1.0,-1.0,-1.0,1.0,0.0
-4.0,0.29411764705882354,-2.0,-3.0,0.19252778694838782,-2.0,-5.0,0.3333333333333333,-2.0,-1.0,1.0,-4.0,0.125,-1.0,-1.0,0.0,-1.0,0.0,-2.0,-1.0,1.0,0.0
-2.0,0.29411764705882354,-2.0,-1.0,0.09843732805106195,-2.0,-5.0,0.0,-4.0,-1.0,0.0,-2.0,0.05357142857142857,-1.0,-1.0,0.0,-1.0,0.0,-1.0,-1.0,0.0,1.0
-4.0,0.47058823529411764,-2.0,-1.0,0.23236491691427313,-2.0,-1.0,1.0,-1.0,-1.0,0.3333333333333333,-4.0,0.21428571428571427,-1.0,-1.0,0.0,-1.0,0.0,-2.0,-1.0,1.0,0.0
-3.0,0.47058823529411764,-1.0,-4.0,0.18075272367117862,-2.0,-3.0,1.0,-1.0,-1.0,1.0,-4.0,0.32142857142857145,-1.0,-1.0,0.3333333333333333,-1.0,0.0,-1.0,-1.0,1.0,0.0
-2.0,0.11764705882352941,-2.0,-3.0,0.13821943435677342,-1.0,-1.0,0.0,-2.0,-1.0,0.3333333333333333,-2.0,0.10714285714285714,-2.0,-1.0,0.0,-1.0,0.0,-1.0,-1.0,1.0,1.0
-1.0,0.11764705882352941,-2.0,-4.0,0.053813139650049524,-2.0,-2.0,1.0,-2.0,-1.0,0.3333333333333333,-1.0,0.08928571428571429,-1.0,-1.0,0.0,-2.0,0.0,-2.0,-1.0,0.0,1.0
-3.0,0.16176470588235295,-2.0,-5.0,0.24248927038626608,-2.0,-2.0,0.6666666666666666,-1.0,-1.0,0.3333333333333333,-4.0,0.19642857142857142,-1.0,-1.0,0.0,-1.0,0.0,-1.0,-1.0,1.0,0.0
-4.0,0.29411764705882354,-1.0,-1.0,0.15945856718388907,-1.0,-2.0,0.6666666666666666,-1.0,-1.0,0.3333333333333333,-4.0,0.21428571428571427,-1.0,-1.0,0.3333333333333333,-1.0,0.0,-1.0,-1.0,1.0,0.0
-3.0,0.16176470588235295,-2.0,-5.0,0.15291075162319798,-2.0,-3.0,0.3333333333333333,-1.0,-1.0,0.3333333333333333,-4.0,0.25,-1.0,-1.0,0.0,-1.0,0.0,-2.0,-1.0,1.0,0.0
-3.0,0.029411764705882353,-2.0,-8.0,0.022559700671288655,-3.0,-3.0,0.3333333333333333,-4.0,-1.0,1.0,-1.0,0.07142857142857142,-1.0,-3.0,0.0,-2.0,0.0,-2.0,-1.0,0.0,0.0
-2.0,0.23529411764705882,-3.0,-9.0,0.13090128755364808,-2.0,-2.0,0.3333333333333333,-1.0,-1.0,0.6666666666666666,-4.0,0.17857142857142858,-2.0,-1.0,0.3333333333333333,-1.0,0.0,-1.0,-1.0,1.0,0.0
-3.0,0.3382352941176471,-3.0,-5.0,0.46016287003411466,-4.0,-2.0,0.3333333333333333,-1.0,-1.0,0.3333333333333333,-4.0,0.14285714285714285,-1.0,-1.0,0.3333333333333333,-1.0,0.0,-2.0,-1.0,1.0,0.0
-4.0,0.029411764705882353,-2.0,-3.0,0.10267414988445031,-2.0,-2.0,0.3333333333333333,-1.0,-1.0,0.3333333333333333,-1.0,0.39285714285714285,-1.0,-1.0,0.0,-1.0,0.0,-1.0,-1.0,1.0,0.0
-3.0,0.11764705882352941,-2.0,-2.0,0.025806096621547266,-2.0,-1.0,1.0,-1.0,-1.0,1.0,-4.0,0.39285714285714285,-2.0,-1.0,0.0,-2.0,1.0,-2.0,-1.0,1.0,1.0
-1.0,0.29411764705882354,-5.0,-6.0,0.16017387476614944,-2.0,-2.0,1.0,-1.0,-1.0,0.3333333333333333,-2.0,0.21428571428571427,-1.0,-3.0,0.0,-1.0,0.0,-1.0,-1.0,1.0,1.0
-2.0,0.20588235294117646,-2.0,-6.0,0.09304500935402223,-4.0,-2.0,1.0,-1.0,-1.0,0.3333333333333333,-2.0,0.2857142857142857,-1.0,-1.0,0.0,-2.0,0.0,-1.0,-1.0,1.0,0.0
-3.0,0.29411764705882354,-2.0,-3.0,0.20479806316716187,-2.0,-3.0,0.3333333333333333,-2.0,-1.0,1.0,-2.0,0.10714285714285714,-1.0,-3.0,0.0,-1.0,0.0,-1.0,-1.0,1.0,0.0
-3.0,0.20588235294117646,-2.0,-8.0,0.09315505667436998,-2.0,-5.0,1.0,-2.0,-1.0,1.0,-1.0,0.07142857142857142,-1.0,-1.0,0.0,-1.0,0.0,-2.0,-1.0,0.0,1.0
-3.0,0.11764705882352941,-2.0,-1.0,0.03499504787058435,-1.0,-2.0,1.0,-2.0,-1.0,0.3333333333333333,-4.0,0.03571428571428571,-1.0,-1.0,0.0,-1.0,0.0,-2.0,-1.0,0.0,0.0
-2.0,0.20588235294117646,-2.0,-4.0,0.3090128755364807,-5.0,-2.0,0.3333333333333333,-1.0,-1.0,0.3333333333333333,-4.0,0.19642857142857142,-1.0,-1.0,0.3333333333333333,-1.0,0.0,-1.0,-1.0,1.0,0.0
-3.0,0.20588235294117646,-3.0,-1.0,0.11389897655992076,-2.0,-4.0,0.3333333333333333,-4.0,-1.0,0.6666666666666666,-1.0,0.26785714285714285,-1.0,-1.0,0.3333333333333333,-1.0,0.0,-2.0,-1.0,1.0,0.0
-3.0,0.11764705882352941,-2.0,-1.0,0.15456146142841423,-4.0,-3.0,0.3333333333333333,-3.0,-1.0,1.0,-1.0,0.75,-1.0,-1.0,0.0,-2.0,0.0,-2.0,-1.0,1.0,0.0
-1.0,0.29411764705882354,-2.0,-3.0,0.15951359084406294,-2.0,-5.0,1.0,-1.0,-1.0,0.0,-3.0,0.05357142857142857,-2.0,-2.0,0.0,-1.0,0.0,-2.0,-1.0,0.0,0.0
-3.0,0.10294117647058823,-1.0,-4.0,0.38395510069329813,-2.0,-2.0,0.0,-1.0,-1.0,1.0,-2.0,0.35714285714285715,-1.0,-1.0,0.3333333333333333,-2.0,0.0,-2.0,-1.0,1.0,0.0
-3.0,0.11764705882352941,-3.0,-5.0,0.06894464619786508,-2.0,-2.0,1.0,-4.0,-1.0,1.0,-1.0,0.39285714285714285,-1.0,-3.0,0.0,-1.0,0.0,-2.0,-1.0,1.0,0.0
-2.0,0.1323529411764706,-1.0,-1.0,0.034774953229888855,-2.0,-5.0,1.0,-1.0,-2.0,1.0,-1.0,0.07142857142857142,-1.0,-1.0,0.3333333333333333,-1.0,0.0,-2.0,-1.0,0.0,0.0
-2.0,0.47058823529411764,-3.0,-6.0,0.23137449103114338,-2.0,-2.0,0.3333333333333333,-3.0,-1.0,0.3333333333333333,-1.0,0.19642857142857142,-3.0,-1.0,0.3333333333333333,-3.0,0.0,-1.0,-1.0,1.0,1.0
-1.0,0.029411764705882353,-1.0,-4.0,0.18851105975569496,-2.0,-2.0,0.0,-1.0,-1.0,0.6666666666666666,-1.0,0.32142857142857145,-1.0,-3.0,0.6666666666666666,-1.0,1.0,-2.0,-1.0,1.0,0.0
-3.0,0.07352941176470588,-2.0,-1.0,0.06756905469351822,-2.0,-3.0,1.0,-1.0,-1.0,0.3333333333333333,-4.0,0.05357142857142857,-1.0,-1.0,0.0,-1.0,0.0,-2.0,-1.0,0.0,1.0
-3.0,0.04411764705882353,-1.0,-1.0,0.02641135688345989,-1.0,-1.0,1.0,-1.0,-1.0,0.3333333333333333,-2.0,0.48214285714285715,-1.0,-3.0,0.3333333333333333,-2.0,0.0,-1.0,-1.0,1.0,0.0
-3.0,0.20588235294117646,-2.0,-1.0,0.010069329811819083,-2.0,-4.0,0.6666666666666666,-2.0,-3.0,1.0,-1.0,0.05357142857142857,-1.0,-3.0,0.0,-1.0,0.0,-2.0,-1.0,0.0,1.0
-1.0,0.47058823529411764,-3.0,-2.0,0.36519203257400684,-2.0,-2.0,1.0,-1.0,-1.0,0.6666666666666666,-2.0,0.17857142857142858,-3.0,-1.0,0.0,-1.0,0.0,-1.0,-1.0,1.0,1.0
-3.0,0.25,-2.0,-5.0,0.2750082535490261,-1.0,-2.0,0.0,-1.0,-1.0,0.6666666666666666,-4.0,0.125,-1.0,-1.0,0.0,-1.0,0.0,-2.0,-1.0,1.0,0.0
-3.0,0.20588235294117646,-2.0,-1.0,0.06619346318917134,-2.0,-5.0,0.6666666666666666,-2.0,-1.0,0.0,-1.0,0.125,-1.0,-1.0,0.0,-1.0,0.0,-2.0,-1.0,1.0,0.0
-2.0,0.20588235294117646,-1.0,-6.0,0.090073731704633,-1.0,-2.0,1.0,-4.0,-1.0,1.0,-1.0,0.16071428571428573,-2.0,-1.0,0.3333333333333333,-1.0,0.0,-2.0,-1.0,1.0,0.0
-1.0,0.058823529411764705,-1.0,-4.0,0.17321448222735777,-2.0,-3.0,0.0,-1.0,-1.0,1.0,-1.0,0.35714285714285715,-1.0,-1.0,0.3333333333333333,-2.0,0.0,-2.0,-2.0,1.0,0.0
-3.0,0.29411764705882354,-1.0,-1.0,0.11962143721800374,-1.0,-1.0,1.0,-1.0,-1.0,1.0,-2.0,0.6071428571428571,-1.0,-1.0,0.3333333333333333,-1.0,0.0,-2.0,-1.0,1.0,0.0
-1.0,0.20588235294117646,-2.0,-1.0,0.16176956091119182,-2.0,-2.0,0.3333333333333333,-2.0,-1.0,0.3333333333333333,-1.0,0.08928571428571429,-1.0,-1.0,0.0,-1.0,0.0,-2.0,-1.0,0.0,1.0
-3.0,0.29411764705882354,-1.0,-4.0,0.09750192582810609,-2.0,-2.0,1.0,-2.0,-1.0,1.0,-4.0,0.32142857142857145,-1.0,-1.0,0.0,-1.0,0.0,-1.0,-1.0,1.0,0.0
