100,20,2
-3.0,0.07352941176470588,-1.0,-2.0,0.037746230879278087,-3.0,-1.0,1.0,-1.0,-1.0,0.3333333333333333,-4.0,0.5892857142857143,-1.0,-1.0,0.3333333333333333,-1.0,0.0,-1.0,-1.0,1.0,0.0
-3.0,0.29411764705882354,-2.0,-1.0,0.16127434796962695,-2.0,-5.0,1.0,-2.0,-1.0,1.0,-2.0,0.125,-1.0,-1.0,0.0,-1.0,0.0,-1.0,-1.0,1.0,0.0
-3.0,0.29411764705882354,-1.0,-3.0,0.09783206778914934,-2.0,-3.0,0.3333333333333333,-1.0,-1.0,0.3333333333333333,-2.0,0.19642857142857142,-1.0,-1.0,0.3333333333333333,-2.0,0.0,-2.0,-1.0,1.0,0.0
-1.0,0.5294117647058824,-1.0,-2.0,0.3162759986794322,-2.0,-2.0,1.0,-1.0,-1.0,0.6666666666666666,-3.0,0.14285714285714285,-2.0,-1.0,0.0,-1.0,0.0,-1.0,-1.0,1.0,1.0
-1.0,0.47058823529411764,-2.0,-1.0,0.11290855067679102,-2.0,-2.0,1.0,-3.0,-1.0,1.0,-4.0,0.21428571428571427,-1.0,-3.0,0.0,-1.0,0.0,-2.0,-1.0,1.0,1.0
-2.0,0.07352941176470588,-2.0,-4.0,0.07147573456586333,-1.0,-5.0,1.0,-1.0,-1.0,0.3333333333333333,-1.0,0.2857142857142857,-1.0,-1.0,0.0,-4.0,0.0,-2.0,-1.0,1.0,0.0
-2.0,0.29411764705882354,-2.0,-4.0,0.1794871794871795,-5.0,-3.0,0.3333333333333333,-1.0,-1.0,0.6666666666666666,-4.0,0.3392857142857143,-2.0,-1.0,0.3333333333333333,-1.0,0.0,-1.0,-1.0,1.0,0.0
-3.0,0.29411764705882354,-2.0,-1.0,0.05838010344448113,-5.0,-3.0,1.0,-4.0,-1.0,0.6666666666666666,-2.0,0.125,-1.0,-1.0,0.0,-1.0,0.0,-1.0,-1.0,1.0,0.0
-1.0,0.11764705882352941,-1.0,-4.0,0.2527236711786068,-2.0,-1.0,0.6666666666666666,-1.0,-3.0,1.0,-2.0,0.42857142857142855,-1.0,-3.0,0.3333333333333333,-1.0,0.0,-1.0,-1.0,1.0,1.0
-2.0,0.29411764705882354,-3.0,-3.0,0.11461428414218114,-1.0,-5.0,1.0,-1.0,-1.0,0.3333333333333333,-2.0,0.17857142857142858,-2.0,-1.0,0.0,-2.0,0.0,-2.0,-1.0,1.0,0.0
-4.0,0.0,-2.0,-4.0,0.06844943325630021,-1.0,-5.0,0.0,-1.0,-1.0,0.3333333333333333,-1.0,0.17857142857142858,-1.0,-1.0,0.0,-2.0,1.0,-2.0,-2.0,1.0,0.0
-1.0,0.20588235294117646,-2.0,-1.0,0.11769560911191812,-2.0,-5.0,1.0,-2.0,-1.0,0.0,-4.0,0.14285714285714285,-3.0,-1.0,0.0,-1.0,0.0,-2.0,-1.0,1.0,0.0
-2.0,0.6029411764705882,-1.0,-5.0,0.23803235391218225,-5.0,-4.0,0.6666666666666666,-1.0,-1.0,1.0,-4.0,0.14285714285714285,-1.0,-1.0,0.0,-1.0,0.0,-2.0,-1.0,1.0,0.0
-2.0,0.20588235294117646,-3.0,-3.0,0.2226807527236712,-2.0,-1.0,1.0,-3.0,-1.0,0.6666666666666666,-3.0,0.375,-1.0,-1.0,0.0,-3.0,0.0,-1.0,-1.0,1.0,1.0
-4.0,0.20588235294117646,-2.0,-1.0,0.10179377132166832,-2.0,-2.0,1.0,-1.0,-3.0,0.3333333333333333,-1.0,0.32142857142857145,-3.0,-1.0,0.0,-1.0,0.0,-2.0,-1.0,1.0,1.0
-2.0,0.11764705882352941,-1.0,-4.0,0.1581379993397161,-2.0,-5.0,0.0,-1.0,-1.0,0.6666666666666666,-1.0,0.5357142857142857,-2.0,-1.0,0.3333333333333333,-2.0,1.0,-2.0,-1.0,1.0,0.0
-3.0,0.16176470588235295,-1.0,-1.0,0.06718388907230109,-2.0,-2.0,1.0,-1.0,-1.0,1.0,-3.0,0.2857142857142857,-1.0,-2.0,0.3333333333333333,-1.0,0.0,-1.0,-1.0,1.0,0.0
-3.0,0.014705882352941176,-2.0,-6.0,0.1759656652360515,-2.0,-3.0,0.0,-1.0,-1.0,1.0,-1.0,0.9821428571428571,-1.0,-1.0,0.0,-2.0,0.0,-2.0,-1.0,1.0,0.0
-1.0,0.029411764705882353,-1.0,-4.0,0.061131286453174866,-2.0,-5.0,0.3333333333333333,-1.0,-1.0,1.0,-1.0,0.375,-1.0,-1.0,0.0,-2.0,1.0,-2.0,-2.0,1.0,0.0
-1.0,0.11764705882352941,-2.0,-3.0,0.05716958292065588,-2.0,-2.0,1.0,-1.0,-2.0,0.0,-2.0,0.03571428571428571,-1.0,-1.0,0.0,-2.0,0.0,-2.0,-1.0,0.0,0.0
-3.0,0.29411764705882354,-2.0,-4.0,0.1929679762297788,-2.0,-1.0,1.0,-2.0,-3.0,1.0,-3.0,0.7678571428571429,-1.0,-2.0,0.0,-1.0,0.0,-1.0,-1.0,1.0,0.0
-3.0,0.11764705882352941,-2.0,-1.0,0.055683944095961266,-2.0,-2.0,0.6666666666666666,-1.0,-1.0,0.3333333333333333,-4.0,0.10714285714285714,-1.0,-1.0,0.0,-1.0,0.0,-2.0,-1.0,1.0,0.0
-2.0,0.11764705882352941,-1.0,-4.0,0.09601628700341147,-5.0,-5.0,1.0,-1.0,-1.0,0.0,-4.0,0.14285714285714285,-1.0,-1.0,0.0,-1.0,0.0,-2.0,-1.0,1.0,0.0
-2.0,0.38235294117647056,-1.0,-3.0,0.4476724991746451,-2.0,-3.0,0.3333333333333333,-1.0,-1.0,0.3333333333333333,-2.0,0.5357142857142857,-1.0,-1.0,0.0,-1.0,0.0,-2.0,-1.0,1.0,1.0
-1.0,0.20588235294117646,-1.0,-3.0,0.10311433916584131,-2.0,-2.0,1.0,-2.0,-1.0,1.0,-1.0,0.08928571428571429,-1.0,-3.0,0.3333333333333333,-1.0,0.0,-2.0,-1.0,0.0,1.0
-3.0,0.16176470588235295,-2.0,-3.0,0.10845163420270716,-3.0,-2.0,0.3333333333333333,-2.0,-1.0,1.0,-4.0,0.017857142857142856,-1.0,-3.0,0.0,-1.0,0.0,-2.0,-1.0,0.0,0.0
-2.0,0.47058823529411764,-3.0,-4.0,0.4311654011224827,-5.0,-1.0,0.3333333333333333,-1.0,-1.0,1.0,-4.0,0.4107142857142857,-1.0,-1.0,1.0,-3.0,0.0,-1.0,-1.0,1.0,1.0
-3.0,0.2647058823529412,-2.0,-4.0,0.05683944095961263,-1.0,-3.0,1.0,-2.0,-1.0,1.0,-2.0,0.10714285714285714,-1.0,-3.0,0.0,-1.0,0.0,-2.0,-1.0,1.0,0.0
-3.0,0.20588235294117646,-2.0,-3.0,0.17453505007153075,-2.0,-1.0,1.0,-1.0,-1.0,1.0,-2.0,0.5,-2.0,-1.0,0.6666666666666666,-1.0,1.0,-1.0,-1.0,1.0,0.0
-3.0,0.11764705882352941,-2.0,-5.0,0.24347969626939583,-1.0,-5.0,0.0,-2.0,-1.0,1.0,-4.0,0.017857142857142856,-1.0,-3.0,0.0,-1.0,0.0,-2.0,-1.0,0.0,0.0
-1.0,0.47058823529411764,-2.0,-3.0,0.20408275558490152,-2.0,-4.0,1.0,-1.0,-1.0,0.6666666666666666,-2.0,0.19642857142857142,-1.0,-1.0,0.0,-3.0,0.0,-1.0,-1.0,1.0,0.0
-2.0,0.11764705882352941,-1.0,-5.0,0.08858809287993838,-2.0,-4.0,1.0,-1.0,-1.0,0.3333333333333333,-4.0,0.26785714285714285,-1.0,-1.0,0.3333333333333333,-3.0,0.0,-1.0,-1.0,1.0,0.0
-3.0,0.11764705882352941,-2.0,-1.0,0.10570045119401343,-2.0,-5.0,0.3333333333333333,-2.0,-1.0,0.3333333333333333,-4.0,0.17857142857142858,-2.0,-1.0,0.0,-1.0,0.0,-2.0,-1.0,1.0,0.0
-3.0,0.11764705882352941,-1.0,-4.0,0.05023660173874766,-3.0,-2.0,1.0,-1.0,-1.0,1.0,-1.0,0.44642857142857145,-1.0,-1.0,0.0,-1.0,0.0,-1.0,-1.0,1.0,0.0
-2.0,0.29411764705882354,-1.0,-2.0,0.3022449653350941,-2.0,-5.0,0.3333333333333333,-2.0,-1.0,1.0,-3.0,0.08928571428571429,-1.0,-2.0,0.3333333333333333,-1.0,0.0,-1.0,-1.0,0.0,0.0
-1.0,0.11764705882352941,-1.0,-4.0,0.10570045119401343,-2.0,-2.0,1.0,-1.0,-1.0,1.0,-2.0,0.3392857142857143,-2.0,-1.0,0.3333333333333333,-2.0,0.0,-2.0,-2.0,1.0,0.0
-3.0,0.11764705882352941,-3.0,-8.0,0.07180587652690656,-4.0,-1.0,1.0,-1.0,-1.0,1.0,-3.0,0.6428571428571429,-1.0,-2.0,0.3333333333333333,-1.0,1.0,-2.0,-1.0,1.0,1.0
-2.0,0.11764705882352941,-2.0,-6.0,0.03251898316275999,-5.0,-3.0,0.3333333333333333,-2.0,-1.0,1.0,-1.0,0.07142857142857142,-1.0,-3.0,0.0,-2.0,0.0,-2.0,-1.0,0.0,0.0
-1.0,0.47058823529411764,-5.0,-3.0,0.13733905579399142,-2.0,-1.0,1.0,-1.0,-1.0,1.0,-4.0,0.21428571428571427,-2.0,-1.0,0.0,-1.0,0.0,-2.0,-1.0,1.0,1.0
-3.0,0.35294117647058826,-5.0,-5.0,0.41674920215692746,-1.0,-5.0,0.6666666666666666,-1.0,-2.0,1.0,-1.0,0.375,-2.0,-3.0,0.3333333333333333,-1.0,1.0,-1.0,-1.0,1.0,0.0
-2.0,0.20588235294117646,-1.0,-3.0,0.05749972488169913,-2.0,-5.0,1.0,-2.0,-1.0,0.0,-2.0,0.14285714285714285,-1.0,-1.0,0.3333333333333333,-1.0,0.0,-2.0,-1.0,1.0,0.0
-4.0,0.16176470588235295,-2.0,-6.0,0.1340926598437328,-2.0,-3.0,0.3333333333333333,-1.0,-1.0,1.0,-2.0,0.125,-1.0,-3.0,0.0,-1.0,0.0,-1.0,-1.0,1.0,0.0
-1.0,0.6470588235294118,-2.0,-2.0,0.39760096841641906,-2.0,-3.0,1.0,-1.0,-1.0,0.0,-3.0,0.5535714285714286,-1.0,-2.0,0.0,-3.0,0.0,-1.0,-1.0,1.0,0.0
-2.0,0.07352941176470588,-2.0,-1.0,0.05260261912622428,-2.0,-1.0,1.0,-2.0,-1.0,1.0,-1.0,0.10714285714285714,-1.0,-1.0,0.0,-1.0,0.0,-2.0,-1.0,1.0,0.0
-2.0,0.20588235294117646,-3.0,-8.0,0.32761087267525035,-2.0,-2.0,0.3333333333333333,-1.0,-1.0,1.0,-1.0,0.44642857142857145,-1.0,-1.0,0.0,-2.0,1.0,-1.0,-1.0,1.0,0.0
-2.0,0.20588235294117646,-2.0,-4.0,0.33069219764498736,-2.0,-3.0,0.6666666666666666,-1.0,-1.0,0.6666666666666666,-1.0,0.16071428571428573,-1.0,-3.0,0.0,-2.0,0.0,-2.0,-1.0,1.0,0.0
-2.0,0.07352941176470588,-2.0,-6.0,0.0627819962583911,-2.0,-2.0,0.3333333333333333,-4.0,-1.0,0.0,-1.0,0.14285714285714285,-2.0,-1.0,0.0,-1.0,0.0,-1.0,-1.0,1.0,0.0
-2.0,0.8235294117647058,-5.0,-9.0,0.7996038296467481,-5.0,-1.0,0.6666666666666666,-2.0,-1.0,1.0,-3.0,0.7321428571428571,-2.0,-2.0,0.3333333333333333,-3.0,0.0,-1.0,-1.0,1.0,1.0
-3.0,0.5588235294117647,-2.0,-1.0,0.3805436337625179,-1.0,-3.0,0.3333333333333333,-4.0,-1.0,1.0,-2.0,0.17857142857142858,-1.0,-3.0,0.0,-1.0,0.0,-1.0,-1.0,1.0,0.0
-3.0,0.029411764705882353,-2.0,-3.0,0.23995818201826785,-2.0,-5.0,0.0,-2.0,-1.0,1.0,-2.0,0.23214285714285715,-1.0,-1.0,0.0,-1.0,0.0,-2.0,-1.0,1.0,1.0
-2.0,0.6470588235294118,-5.0,-6.0,0.33927588863211183,-2.0,-1.0,1.0,-2.0,-1.0,0.6666666666666666,-3.0,0.7142857142857143,-1.0,-3.0,0.0,-1.0,0.0,-2.0,-1.0,1.0,1.0
-3.0,0.04411764705882353,-3.0,-1.0,0.03279410146362936,-1.0,-1.0,0.6666666666666666,-1.0,-1.0,1.0,-3.0,0.30357142857142855,-1.0,-2.0,0.0,-1.0,0.0,-2.0,-1.0,1.0,0.0
-1.0,0.29411764705882354,-3.0,-1.0,0.07752833718498954,-2.0,-5.0,1.0,-2.0,-1.0,0.3333333333333333,-4.0,0.17857142857142858,-1.0,-3.0,0.0,-2.0,0.0,-1.0,-1.0,1.0,1.0
-1.0,0.29411764705882354,-2.0,-3.0,0.1641906019588423,-2.0,-5.0,1.0,-2.0,-1.0,1.0,-1.0,0.07142857142857142,-1.0,-3.0,0.0,-2.0,0.0,-1.0,-1.0,0.0,1.0
-3.0,0.29411764705882354,-3.0,-6.0,0.11692527786948388,-3.0,-2.0,1.0,-1.0,-1.0,0.3333333333333333,-4.0,0.44642857142857145,-1.0,-1.0,0.3333333333333333,-1.0,1.0,-1.0,-1.0,1.0,0.0
-3.0,0.08823529411764706,-2.0,-1.0,0.09210960713106636,-2.0,-2.0,0.0,-1.0,-1.0,1.0,-2.0,0.3392857142857143,-1.0,-1.0,0.0,-1.0,0.0,-1.0,-2.0,1.0,0.0
-2.0,0.11764705882352941,-2.0,-10.0,0.027731924727632883,-1.0,-1.0,1.0,-1.0,-1.0,1.0,-2.0,0.3392857142857143,-1.0,-1.0,0.3333333333333333,-1.0,0.0,-2.0,-1.0,1.0,0.0
-2.0,0.04411764705882353,-2.0,-1.0,0.1279850335644327,-2.0,-2.0,0.3333333333333333,-1.0,-2.0,0.3333333333333333,-1.0,0.2857142857142857,-1.0,-1.0,0.0,-1.0,0.0,-2.0,-1.0,1.0,0.0
-3.0,0.11764705882352941,-2.0,-1.0,0.06839440959612633,-2.0,-5.0,1.0,-2.0,-1.0,0.6666666666666666,-4.0,0.26785714285714285,-1.0,-1.0,0.0,-1.0,1.0,-2.0,-1.0,1.0,0.0
-3.0,0.029411764705882353,-4.0,-1.0,0.009684164190601958,-2.0,-1.0,1.0,-4.0,-1.0,1.0,-4.0,0.35714285714285715,-1.0,-1.0,0.0,-2.0,0.0,-2.0,-1.0,1.0,0.0
-1.0,0.20588235294117646,-2.0,-3.0,0.1870804445911742,-2.0,-5.0,0.0,-2.0,-1.0,1.0,-4.0,0.05357142857142857,-1.0,-3.0,0.0,-1.0,0.0,-2.0,-1.0,0.0,0.0
-2.0,0.47058823529411764,-3.0,-4.0,0.14372180037416088,-5.0,-1.0,1.0,-1.0,-1.0,0.6666666666666666,-3.0,0.19642857142857142,-1.0,-2.0,0.0,-1.0,0.0,-2.0,-1.0,1.0,0.0
-3.0,0.6470588235294118,-2.0,-1.0,0.5486959392538792,-1.0,-3.0,1.0,-1.0,-1.0,0.6666666666666666,-4.0,0.32142857142857145,-3.0,-1.0,0.0,-1.0,0.0,-1.0,-1.0,1.0,0.0
-1.0,0.16176470588235295,-3.0,-3.0,0.18669527896995708,-2.0,-1.0,0.0,-2.0,-1.0,1.0,-2.0,0.14285714285714285,-1.0,-1.0,0.3333333333333333,-2.0,0.0,-2.0,-1.0,1.0,0.0
-3.0,0.29411764705882354,-1.0,-2.0,0.07411687025420931,-2.0,-1.0,1.0,-1.0,-1.0,1.0,-3.0,0.625,-1.0,-2.0,0.3333333333333333,-1.0,1.0,-2.0,-1.0,1.0,0.0
-2.0,0.11764705882352941,-2.0,-3.0,0.038571585781886214,-5.0,-5.0,1.0,-2.0,-1.0,1.0,-4.0,0.14285714285714285,-2.0,-3.0,1.0,-1.0,0.0,-2.0,-1.0,1.0,1.0
-2.0,0.25,-2.0,-3.0,0.20501815780785737,-1.0,-3.0,0.3333333333333333,-1.0,-1.0,0.6666666666666666,-4.0,0.2857142857142857,-1.0,-1.0,0.0,-1.0,0.0,-1.0,-1.0,1.0,0.0
-1.0,0.11764705882352941,-2.0,-4.0,0.09040387366567625,-2.0,-2.0,1.0,-2.0,-2.0,1.0,-2.0,0.17857142857142858,-1.0,-1.0,0.0,-1.0,0.0,-1.0,-1.0,1.0,0.0
-2.0,0.20588235294117646,-3.0,-4.0,0.14575767580059426,-1.0,-1.0,1.0,-1.0,-1.0,1.0,-4.0,0.42857142857142855,-1.0,-1.0,0.0,-1.0,1.0,-2.0,-1.0,1.0,0.0
-3.0,0.20588235294117646,-1.0,-4.0,0.0704302850225597,-2.0,-2.0,0.6666666666666666,-1.0,-1.0,0.3333333333333333,-2.0,0.23214285714285715,-2.0,-1.0,0.3333333333333333,-1.0,0.0,-2.0,-1.0,1.0,1.0
-1.0,0.07352941176470588,-2.0,-4.0,0.06448772972378122,-2.0,-5.0,0.6666666666666666,-1.0,-1.0,0.3333333333333333,-3.0,0.14285714285714285,-1.0,-2.0,0.0,-3.0,0.0,-1.0,-1.0,1.0,1.0
-3.0,0.38235294117647056,-2.0,-1.0,0.08897325850115549,-1.0,-1.0,1.0,-1.0,-1.0,1.0,-4.0,0.6964285714285714,-1.0,-1.0,0.0,-1.0,0.0,-1.0,-1.0,1.0,0.0
-3.0,0.11764705882352941,-5.0,-10.0,0.17591064157587763,-3.0,-2.0,1.0,-2.0,-1.0,0.6666666666666666,-1.0,0.2857142857142857,-1.0,-1.0,0.0,-2.0,1.0,-2.0,-1.0,1.0,0.0
-2.0,0.07352941176470588,-2.0,-2.0,0.05221745350500715,-2.0,-3.0,1.0,-2.0,-1.0,1.0,-2.0,0.8571428571428571,-1.0,-1.0,0.3333333333333333,-3.0,0.0,-1.0,-1.0,1.0,0.0
-1.0,0.29411764705882354,-3.0,-4.0,0.059590623968306375,-2.0,-4.0,1.0,-1.0,-1.0,0.3333333333333333,-1.0,0.42857142857142855,-1.0,-2.0,0.3333333333333333,-1.0,1.0,-2.0,-1.0,1.0,1.0
-1.0,0.07352941176470588,-1.0,-1.0,0.048861010234400794,-2.0,-2.0,1.0,-1.0,-1.0,1.0,-1.0,0.10714285714285714,-1.0,-1.0,0.3333333333333333,-2.0,0.0,-2.0,-1.0,1.0,0.0
-3.0,0.20588235294117646,-1.0,-1.0,0.32023770221195114,-2.0,-1.0,0.6666666666666666,-1.0,-1.0,1.0,-4.0,0.25,-1.0,-1.0,0.3333333333333333,-1.0,0.0,-1.0,-1.0,1.0,0.0
-2.0,0.6470588235294118,-2.0,-1.0,0.5893584241223726,-4.0,-3.0,0.0,-1.0,-3.0,0.3333333333333333,-3.0,0.14285714285714285,-2.0,-1.0,0.3333333333333333,-1.0,0.0,-1.0,-1.0,1.0,1.0
-3.0,0.029411764705882353,-4.0,-4.0,0.05249257180587653,-5.0,-2.0,1.0,-1.0,-1.0,0.0,-3.0,0.2857142857142857,-2.0,-3.0,0.0,-1.0,0.0,-2.0,-2.0,1.0,0.0
-3.0,0.6470588235294118,-3.0,-1.0,0.6877407285132607,-3.0,-3.0,1.0,-1.0,-1.0,0.0,-4.0,0.32142857142857145,-1.0,-1.0,0.0,-3.0,0.0,-1.0,-1.0,1.0,0.0
-1.0,0.11764705882352941,-4.0,-4.0,0.045779685264663805,-2.0,-2.0,1.0,-1.0,-1.0,1.0,-4.0,0.5178571428571429,-2.0,-1.0,0.3333333333333333,-1.0,0.0,-2.0,-1.0,1.0,1.0
-3.0,0.8235294117647058,-1.0,-4.0,0.7431495543083526,-1.0,-1.0,0.3333333333333333,-1.0,-1.0,1.0,-3.0,0.7857142857142857,-2.0,-2.0,0.0,-3.0,0.0,-1.0,-1.0,1.0,0.0
-3.0,0.3382352941176471,-1.0,-3.0,0.2352811709034885,-4.0,-5.0,1.0,-1.0,-1.0,0.3333333333333333,-1.0,0.23214285714285715,-3.0,-1.0,0.3333333333333333,-2.0,1.0,-1.0,-1.0,1.0,0.0
-3.0,0.11764705882352941,-2.0,-3.0,0.07285132607021019,-2.0,-2.0,1.0,-1.0,-1.0,0.3333333333333333,-1.0,0.5535714285714286,-1.0,-1.0,0.0,-1.0,0.0,-2.0,-1.0,1.0,0.0
-4.0,0.08823529411764706,-2.0,-4.0,0.05447342357213602,-5.0,-1.0,0.0,-2.0,-1.0,1.0,-3.0,0.5178571428571429,-1.0,-2.0,0.0,-2.0,1.0,-2.0,-1.0,1.0,1.0
-1.0,0.029411764705882353,-2.0,-3.0,0.009794211510949708,-2.0,-1.0,0.3333333333333333,-2.0,-1.0,0.0,-2.0,0.5357142857142857,-2.0,-1.0,0.0,-1.0,0.0,-1.0,-1.0,1.0,0.0
-3.0,0.20588235294117646,-5.0,-4.0,0.34158688235941453,-2.0,-1.0,0.3333333333333333,-1.0,-1.0,1.0,-3.0,0.35714285714285715,-2.0,-1.0,0.3333333333333333,-3.0,1.0,-1.0,-1.0,1.0,1.0
-2.0,0.058823529411764705,-2.0,-6.0,0.03615054473423572,-2.0,-5.0,0.6666666666666666,-4.0,-1.0,0.3333333333333333,-1.0,0.125,-1.0,-1.0,0.0,-1.0,0.0,-1.0,-1.0,1.0,0.0
-1.0,0.3382352941176471,-2.0,-1.0,0.1742049081104875,-2.0,-2.0,0.6666666666666666,-1.0,-1.0,0.3333333333333333,-4.0,0.14285714285714285,-1.0,-1.0,0.0,-3.0,0.0,-2.0,-1.0,1.0,0.0
-4.0,0.08823529411764706,-1.0,-4.0,0.0292175635523275,-2.0,-1.0,1.0,-1.0,-1.0,1.0,-3.0,0.7857142857142857,-1.0,-2.0,0.3333333333333333,-1.0,0.0,-1.0,-1.0,1.0,0.0
-2.0,0.07352941176470588,-2.0,-3.0,0.09794211510949709,-1.0,-3.0,0.3333333333333333,-1.0,-1.0,0.0,-4.0,0.08928571428571429,-1.0,-1.0,0.0,-1.0,0.0,-1.0,-1.0,0.0,0.0
-4.0,0.029411764705882353,-3.0,-1.0,0.023825244855287774,-2.0,-5.0,0.3333333333333333,-2.0,-1.0,0.0,-2.0,0.17857142857142858,-2.0,-1.0,0.0,-1.0,0.0,-2.0,-1.0,1.0,0.0
-4.0,0.38235294117647056,-1.0,-1.0,0.18741058655221746,-1.0,-1.0,1.0,-1.0,-1.0,1.0,-2.0,0.5357142857142857,-3.0,-1.0,0.3333333333333333,-2.0,0.0,-2.0,-1.0,1.0,0.0
-4.0,0.20588235294117646,-2.0,-4.0,0.09414548255749973,-2.0,-1.0,0.6666666666666666,-2.0,-1.0,0.3333333333333333,-4.0,0.07142857142857142,-1.0,-1.0,0.0,-3.0,0.0,-2.0,-1.0,0.0,0.0
-3.0,0.20588235294117646,-1.0,-1.0,0.05056674369979091,-1.0,-2.0,1.0,-1.0,-1.0,0.6666666666666666,-2.0,0.17857142857142858,-1.0,-1.0,0.3333333333333333,-1.0,0.0,-1.0,-1.0,1.0,0.0
-3.0,0.29411764705882354,-2.0,-6.0,0.23885770881479035,-4.0,-2.0,0.3333333333333333,-1.0,-1.0,0.6666666666666666,-2.0,0.625,-1.0,-1.0,0.6666666666666666,-3.0,0.0,-1.0,-1.0,1.0,1.0
-2.0,0.11764705882352941,-4.0,-10.0,0.06382744580169473,-2.0,-2.0,0.3333333333333333,-1.0,-1.0,0.3333333333333333,-1.0,0.21428571428571427,-1.0,-1.0,0.0,-2.0,0.0,-1.0,-1.0,1.0,0.0
-3.0,0.11764705882352941,-2.0,-4.0,0.06250687795752173,-3.0,-2.0,0.3333333333333333,-2.0,-1.0,0.3333333333333333,-2.0,0.125,-1.0,-1.0,0.0,-1.0,0.0,-2.0,-1.0,1.0,1.0
-4.0,0.029411764705882353,-2.0,-4.0,0.025255860019808517,-4.0,-5.0,0.3333333333333333,-4.0,-1.0,0.3333333333333333,-1.0,0.14285714285714285,-1.0,-1.0,0.0,-4.0,0.0,-2.0,-2.0,1.0,0.0
-1.0,0.5147058823529411,-1.0,-3.0,0.7664245625619016,-1.0,-3.0,1.0,-1.0,-1.0,1.0,-2.0,0.19642857142857142,-1.0,-1.0,0.3333333333333333,-3.0,0.0,-1.0,-1.0,1.0,0.0
