100,20,2
-3.0,0.25,-2.0,-5.0,0.12248266754704523,-1.0,-1.0,1.0,-1.0,-1.0,1.0,-1.0,0.48214285714285715,-1.0,-1.0,0.0,-3.0,0.0,-1.0,-1.0,1.0,0.0
-3.0,0.5588235294117647,-1.0,-3.0,0.2086497193793331,-3.0,-2.0,1.0,-1.0,-1.0,1.0,-1.0,0.30357142857142855,-1.0,-1.0,0.3333333333333333,-1.0,0.0,-1.0,-1.0,1.0,0.0
-3.0,0.29411764705882354,-2.0,-3.0,0.28947947617475517,-5.0,-2.0,1.0,-1.0,-1.0,0.0,-4.0,0.10714285714285714,-3.0,-1.0,0.0,-1.0,0.0,-2.0,-1.0,1.0,0.0
-1.0,0.029411764705882353,-1.0,-4.0,0.03356443270606361,-2.0,-1.0,0.0,-2.0,-1.0,1.0,-3.0,0.35714285714285715,-1.0,-1.0,0.3333333333333333,-1.0,0.0,-1.0,-1.0,1.0,0.0
-2.0,0.07352941176470588,-5.0,-5.0,0.26846043798833497,-2.0,-1.0,0.3333333333333333,-2.0,-1.0,1.0,-3.0,0.9821428571428571,-2.0,-2.0,0.0,-3.0,1.0,-1.0,-1.0,1.0,1.0
-2.0,0.47058823529411764,-2.0,-2.0,0.11131286453174866,-2.0,-3.0,0.6666666666666666,-1.0,-1.0,0.0,-4.0,0.23214285714285715,-1.0,-1.0,0.3333333333333333,-1.0,1.0,-2.0,-1.0,1.0,0.0
-2.0,0.29411764705882354,-2.0,-1.0,0.14559260482007264,-5.0,-5.0,0.3333333333333333,-1.0,-1.0,0.0,-4.0,0.17857142857142858,-1.0,-1.0,0.0,-1.0,0.0,-2.0,-1.0,1.0,0.0
-3.0,0.29411764705882354,-2.0,-4.0,0.1103224386486189,-1.0,-5.0,1.0,-1.0,-1.0,0.0,-2.0,0.625,-1.0,-1.0,0.0,-1.0,0.0,-2.0,-1.0,1.0,0.0
-4.0,0.16176470588235295,-1.0,-5.0,0.11609992296687575,-3.0,-2.0,0.3333333333333333,-1.0,-1.0,0.3333333333333333,-4.0,0.30357142857142855,-1.0,-1.0,0.0,-1.0,0.0,-1.0,-1.0,1.0,0.0
-1.0,0.058823529411764705,-1.0,-4.0,0.026466380543633764,-2.0,-1.0,1.0,-1.0,-1.0,1.0,-1.0,0.5,-1.0,-1.0,0.3333333333333333,-2.0,0.0,-2.0,-1.0,1.0,0.0
-4.0,0.08823529411764706,-2.0,-3.0,0.056399251678221636,-2.0,-5.0,1.0,-2.0,-1.0,0.3333333333333333,-2.0,0.07142857142857142,-1.0,-1.0,0.0,-1.0,0.0,-2.0,-1.0,0.0,0.0
-3.0,0.029411764705882353,-2.0,-1.0,0.060305931550566745,-5.0,-1.0,0.3333333333333333,-1.0,-1.0,1.0,-3.0,0.4107142857142857,-2.0,-2.0,0.0,-1.0,1.0,-1.0,-1.0,1.0,0.0
-2.0,0.47058823529411764,-1.0,-5.0,0.30538131396500495,-2.0,-2.0,0.6666666666666666,-1.0,-1.0,1.0,-4.0,0.26785714285714285,-1.0,-1.0,0.3333333333333333,-1.0,0.0,-1.0,-1.0,1.0,0.0
-4.0,0.11764705882352941,-1.0,-4.0,0.03791130185979971,-3.0,-3.0,1.0,-4.0,-1.0,0.3333333333333333,-1.0,0.16071428571428573,-1.0,-1.0,0.6666666666666666,-1.0,0.0,-1.0,-1.0,1.0,1.0
-4.0,0.11764705882352941,-3.0,-4.0,0.1098822493672279,-2.0,-2.0,0.3333333333333333,-2.0,-1.0,0.3333333333333333,-4.0,0.30357142857142855,-3.0,-1.0,0.3333333333333333,-1.0,0.0,-1.0,-1.0,1.0,0.0
-1.0,0.11764705882352941,-2.0,-4.0,0.050511720039617035,-2.0,-2.0,1.0,-4.0,-1.0,0.6666666666666666,-1.0,0.14285714285714285,-1.0,-1.0,0.0,-2.0,0.0,-2.0,-1.0,1.0,0.0
-3.0,0.16176470588235295,-3.0,-3.0,0.039066798723451084,-4.0,-3.0,0.6666666666666666,-2.0,-1.0,0.3333333333333333,-2.0,0.19642857142857142,-1.0,-1.0,0.3333333333333333,-1.0,0.0,-2.0,-1.0,1.0,0.0
-1.0,0.11764705882352941,-2.0,-1.0,0.07868383404864092,-3.0,-1.0,0.6666666666666666,-4.0,-1.0,0.0,-1.0,0.2857142857142857,-1.0,-1.0,0.0,-1.0,0.0,-2.0,-1.0,1.0,0.0
-4.0,0.29411764705882354,-2.0,-3.0,0.09216463079124024,-2.0,-2.0,0.3333333333333333,-1.0,-1.0,0.3333333333333333,-1.0,0.125,-1.0,-1.0,0.0,-1.0,0.0,-2.0,-1.0,1.0,0.0
-1.0,0.47058823529411764,-2.0,-5.0,0.43903378452734676,-2.0,-2.0,0.3333333333333333,-1.0,-1.0,0.3333333333333333,-2.0,0.125,-1.0,-1.0,0.0,-1.0,1.0,-2.0,-1.0,1.0,1.0
-2.0,0.8235294117647058,-2.0,-4.0,0.39385935952459555,-5.0,-5.0,1.0,-2.0,-1.0,0.3333333333333333,-2.0,0.08928571428571429,-1.0,-1.0,0.0,-3.0,0.0,-2.0,-1.0,0.0,1.0
-3.0,0.029411764705882353,-2.0,-3.0,0.15010454495433037,-3.0,-2.0,0.0,-1.0,-1.0,0.3333333333333333,-4.0,0.23214285714285715,-1.0,-1.0,0.0,-1.0,0.0,-1.0,-1.0,1.0,0.0
-3.0,0.11764705882352941,-2.0,-6.0,0.045449543303620554,-2.0,-2.0,0.3333333333333333,-4.0,-1.0,0.3333333333333333,-1.0,0.125,-1.0,-1.0,0.0,-1.0,0.0,-1.0,-2.0,1.0,0.0
-3.0,0.3382352941176471,-3.0,-6.0,0.26780015406624846,-2.0,-3.0,0.6666666666666666,-1.0,-1.0,1.0,-4.0,0.125,-1.0,-1.0,0.3333333333333333,-1.0,0.0,-2.0,-1.0,1.0,0.0
-3.0,0.47058823529411764,-3.0,-3.0,0.40871574777154174,-3.0,-3.0,0.3333333333333333,-2.0,-1.0,1.0,-4.0,0.375,-1.0,-1.0,0.3333333333333333,-1.0,0.0,-1.0,-1.0,1.0,0.0
-3.0,0.16176470588235295,-1.0,-1.0,0.06652360515021459,-2.0,-2.0,1.0,-2.0,-1.0,0.3333333333333333,-4.0,0.42857142857142855,-1.0,-1.0,0.0,-2.0,0.0,-2.0,-1.0,1.0,0.0
-1.0,0.11764705882352941,-2.0,-3.0,0.18377902498074172,-2.0,-2.0,0.3333333333333333,-1.0,-3.0,0.3333333333333333,-2.0,0.17857142857142858,-1.0,-1.0,0.0,-2.0,1.0,-2.0,-1.0,1.0,0.0
-2.0,0.23529411764705882,-4.0,-5.0,0.32452954770551334,-5.0,-1.0,0.6666666666666666,-4.0,-1.0,1.0,-4.0,0.21428571428571427,-2.0,-1.0,0.3333333333333333,-1.0,0.0,-1.0,-1.0,1.0,0.0
-1.0,0.029411764705882353,-1.0,-4.0,0.019753494002421042,-2.0,-3.0,1.0,-2.0,-1.0,0.6666666666666666,-2.0,0.32142857142857145,-1.0,-1.0,0.3333333333333333,-1.0,0.0,-2.0,-2.0,1.0,0.0
-2.0,0.11764705882352941,-2.0,-1.0,0.06789919665456146,-1.0,-2.0,0.3333333333333333,-4.0,-1.0,0.0,-1.0,0.10714285714285714,-1.0,-1.0,0.0,-1.0,0.0,-1.0,-1.0,1.0,1.0
-3.0,0.11764705882352941,-2.0,-1.0,0.10030813249697369,-5.0,-2.0,1.0,-2.0,-3.0,0.3333333333333333,-1.0,0.16071428571428573,-1.0,-1.0,0.0,-1.0,0.0,-2.0,-1.0,1.0,0.0
-2.0,0.029411764705882353,-2.0,-1.0,0.01870804445911742,-2.0,-5.0,0.6666666666666666,-4.0,-1.0,0.6666666666666666,-1.0,0.125,-1.0,-1.0,0.0,-2.0,0.0,-2.0,-2.0,1.0,0.0
-1.0,0.29411764705882354,-2.0,-3.0,0.11604489930670188,-5.0,-4.0,0.0,-3.0,-1.0,0.0,-2.0,0.25,-1.0,-1.0,0.0,-1.0,0.0,-2.0,-1.0,1.0,1.0
-3.0,0.29411764705882354,-1.0,-5.0,0.10713106635853417,-1.0,-3.0,1.0,-1.0,-1.0,1.0,-4.0,0.42857142857142855,-1.0,-1.0,0.3333333333333333,-1.0,1.0,-1.0,-1.0,1.0,0.0
-1.0,0.29411764705882354,-2.0,-5.0,0.3482447452404534,-2.0,-4.0,1.0,-1.0,-1.0,0.3333333333333333,-3.0,0.17857142857142858,-1.0,-2.0,0.0,-3.0,0.0,-1.0,-1.0,1.0,0.0
-3.0,0.20588235294117646,-2.0,-3.0,0.07059535600308132,-2.0,-5.0,1.0,-4.0,-3.0,0.0,-2.0,0.42857142857142855,-1.0,-1.0,0.0,-2.0,1.0,-2.0,-1.0,1.0,1.0
-4.0,0.38235294117647056,-1.0,-1.0,0.15225046770111147,-2.0,-1.0,1.0,-1.0,-1.0,1.0,-2.0,0.5,-1.0,-1.0,0.0,-1.0,0.0,-2.0,-1.0,1.0,0.0
-1.0,0.029411764705882353,-1.0,-3.0,0.08924837680202487,-2.0,-4.0,1.0,-1.0,-1.0,1.0,-3.0,0.30357142857142855,-1.0,-2.0,0.6666666666666666,-3.0,0.0,-1.0,-1.0,1.0,0.0
-3.0,0.07352941176470588,-1.0,-4.0,0.05359304500935402,-2.0,-2.0,0.6666666666666666,-1.0,-1.0,0.0,-1.0,0.19642857142857142,-1.0,-1.0,0.3333333333333333,-1.0,0.0,-2.0,-1.0,1.0,0.0
-2.0,0.11764705882352941,-2.0,-1.0,0.049796412457356665,-2.0,-1.0,0.6666666666666666,-4.0,-2.0,0.6666666666666666,-1.0,0.375,-2.0,-1.0,0.3333333333333333,-2.0,0.0,-2.0,-1.0,1.0,0.0
-3.0,0.07352941176470588,-2.0,-6.0,0.06597336854847584,-2.0,-3.0,0.6666666666666666,-2.0,-1.0,0.3333333333333333,-4.0,0.14285714285714285,-1.0,-1.0,0.3333333333333333,-1.0,0.0,-2.0,-1.0,1.0,0.0
-1.0,0.29411764705882354,-5.0,-5.0,0.18609001870804445,-2.0,-2.0,0.0,-2.0,-2.0,1.0,-4.0,0.05357142857142857,-2.0,-3.0,0.0,-1.0,0.0,-2.0,-2.0,0.0,0.0
-2.0,0.6470588235294118,-2.0,-6.0,0.8485748872014967,-2.0,-2.0,0.3333333333333333,-1.0,-1.0,0.3333333333333333,-4.0,0.07142857142857142,-1.0,-1.0,0.0,-1.0,0.0,-1.0,-1.0,0.0,1.0
-3.0,0.11764705882352941,-2.0,-4.0,0.14355672939363925,-1.0,-4.0,1.0,-1.0,-1.0,1.0,-3.0,0.3392857142857143,-1.0,-1.0,0.0,-3.0,0.0,-1.0,-1.0,1.0,0.0
-1.0,0.47058823529411764,-2.0,-2.0,0.09502586112028172,-1.0,-1.0,1.0,-1.0,-1.0,1.0,-3.0,0.375,-1.0,-1.0,0.0,-3.0,0.0,-1.0,-1.0,1.0,1.0
-2.0,0.11764705882352941,-2.0,-5.0,0.09783206778914934,-1.0,-2.0,1.0,-1.0,-1.0,0.3333333333333333,-4.0,0.19642857142857142,-1.0,-1.0,0.0,-1.0,0.0,-2.0,-1.0,1.0,0.0
-3.0,0.47058823529411764,-2.0,-1.0,0.1127434796962694,-3.0,-1.0,1.0,-1.0,-1.0,1.0,-4.0,0.35714285714285715,-1.0,-1.0,0.0,-1.0,0.0,-2.0,-1.0,1.0,0.0
-3.0,0.16176470588235295,-1.0,-3.0,0.06988004842082095,-1.0,-1.0,1.0,-1.0,-1.0,1.0,-2.0,0.7857142857142857,-1.0,-1.0,0.0,-1.0,0.0,-2.0,-1.0,1.0,0.0
-3.0,0.47058823529411764,-2.0,-6.0,0.39391438318476946,-1.0,-1.0,0.6666666666666666,-1.0,-1.0,0.3333333333333333,-2.0,0.32142857142857145,-1.0,-1.0,0.3333333333333333,-1.0,0.0,-2.0,-1.0,1.0,0.0
-3.0,0.16176470588235295,-2.0,-3.0,0.10652580609662154,-1.0,-3.0,0.0,-2.0,-1.0,1.0,-1.0,0.25,-2.0,-3.0,0.0,-2.0,0.0,-2.0,-1.0,1.0,0.0
-1.0,0.20588235294117646,-2.0,-1.0,0.1293056014086057,-2.0,-2.0,1.0,-1.0,-1.0,1.0,-3.0,0.8214285714285714,-1.0,-2.0,0.3333333333333333,-1.0,0.0,-2.0,-1.0,1.0,1.0
-3.0,0.0,-1.0,-1.0,0.06894464619786508,-2.0,-3.0,0.3333333333333333,-1.0,-1.0,0.0,-1.0,0.4107142857142857,-1.0,-1.0,0.3333333333333333,-2.0,1.0,-2.0,-1.0,1.0,0.0
-3.0,0.20588235294117646,-1.0,-3.0,0.08622207549246176,-2.0,-2.0,1.0,-2.0,-1.0,0.3333333333333333,-3.0,0.16071428571428573,-1.0,-1.0,0.3333333333333333,-1.0,0.0,-2.0,-1.0,1.0,0.0
-2.0,0.20588235294117646,-2.0,-1.0,0.04748541873005392,-2.0,-2.0,1.0,-2.0,-2.0,1.0,-1.0,0.125,-1.0,-1.0,0.0,-2.0,1.0,-2.0,-1.0,1.0,0.0
-1.0,0.11764705882352941,-2.0,-3.0,0.41900517222405637,-2.0,-1.0,1.0,-1.0,-1.0,1.0,-3.0,0.6071428571428571,-1.0,-2.0,0.0,-3.0,0.0,-1.0,-1.0,1.0,1.0
-2.0,0.029411764705882353,-1.0,-10.0,0.03752613623858259,-1.0,-3.0,0.0,-2.0,-1.0,0.6666666666666666,-2.0,0.35714285714285715,-1.0,-1.0,0.3333333333333333,-2.0,0.0,-2.0,-1.0,1.0,0.0
-1.0,0.11764705882352941,-5.0,-1.0,0.020688896225376913,-2.0,-2.0,1.0,-2.0,-1.0,1.0,-1.0,0.08928571428571429,-2.0,-1.0,0.0,-2.0,0.0,-2.0,-1.0,0.0,1.0
-2.0,0.20588235294117646,-4.0,-3.0,0.16474083856058105,-2.0,-2.0,0.0,-2.0,-1.0,1.0,-4.0,0.25,-2.0,-1.0,0.3333333333333333,-1.0,0.0,-1.0,-1.0,1.0,0.0
-3.0,0.029411764705882353,-2.0,-1.0,0.10223396060305931,-2.0,-3.0,0.3333333333333333,-4.0,-1.0,0.3333333333333333,-1.0,0.17857142857142858,-1.0,-3.0,0.0,-1.0,0.0,-2.0,-1.0,1.0,0.0
-1.0,0.11764705882352941,-2.0,-5.0,0.17255419830527127,-2.0,-1.0,0.6666666666666666,-1.0,-1.0,1.0,-3.0,0.2857142857142857,-1.0,-2.0,0.0,-1.0,0.0,-1.0,-1.0,1.0,1.0
-2.0,0.029411764705882353,-3.0,-6.0,0.06597336854847584,-5.0,-1.0,0.0,-3.0,-1.0,0.3333333333333333,-4.0,0.21428571428571427,-2.0,-1.0,0.3333333333333333,-1.0,1.0,-2.0,-1.0,1.0,0.0
-2.0,0.08823529411764706,-2.0,-3.0,0.06993507208099482,-2.0,-2.0,1.0,-3.0,-1.0,0.3333333333333333,-4.0,0.21428571428571427,-1.0,-1.0,0.0,-2.0,0.0,-2.0,-1.0,1.0,0.0
-2.0,0.47058823529411764,-1.0,-1.0,0.11483437878287664,-2.0,-1.0,1.0,-1.0,-1.0,1.0,-1.0,0.30357142857142855,-1.0,-1.0,0.0,-1.0,0.0,-2.0,-1.0,1.0,0.0
-2.0,0.5588235294117647,-1.0,-6.0,0.3138549576317817,-2.0,-3.0,0.3333333333333333,-2.0,-1.0,0.0,-1.0,0.39285714285714285,-2.0,-1.0,0.3333333333333333,-2.0,0.0,-2.0,-1.0,1.0,0.0
-3.0,0.29411764705882354,-1.0,-1.0,0.12809508088478044,-4.0,-1.0,0.3333333333333333,-1.0,-1.0,0.3333333333333333,-4.0,0.26785714285714285,-1.0,-1.0,0.0,-1.0,0.0,-2.0,-1.0,1.0,0.0
-3.0,0.25,-2.0,-3.0,0.10955210740618467,-2.0,-1.0,1.0,-1.0,-1.0,0.3333333333333333,-1.0,0.5535714285714286,-1.0,-1.0,0.3333333333333333,-1.0,0.0,-2.0,-1.0,1.0,0.0
-3.0,0.38235294117647056,-1.0,-1.0,0.3138549576317817,-2.0,-3.0,0.6666666666666666,-1.0,-3.0,0.3333333333333333,-4.0,0.3392857142857143,-1.0,-1.0,0.0,-1.0,0.0,-2.0,-1.0,1.0,0.0
-1.0,0.29411764705882354,-5.0,-4.0,0.05188731154396391,-2.0,-4.0,0.0,-2.0,-3.0,1.0,-3.0,0.17857142857142858,-1.0,-3.0,0.3333333333333333,-4.0,0.0,-2.0,-1.0,1.0,1.0
-3.0,0.38235294117647056,-5.0,-5.0,0.3980961813579839,-1.0,-4.0,1.0,-2.0,-1.0,0.0,-1.0,0.6071428571428571,-2.0,-1.0,0.0,-3.0,0.0,-1.0,-1.0,1.0,1.0
-2.0,0.6470588235294118,-2.0,-1.0,0.15461648508858808,-2.0,-3.0,1.0,-1.0,-1.0,1.0,-1.0,0.16071428571428573,-1.0,-1.0,0.3333333333333333,-1.0,0.0,-2.0,-1.0,1.0,1.0
-3.0,0.47058823529411764,-2.0,-2.0,0.4844833278309673,-1.0,-2.0,0.3333333333333333,-1.0,-1.0,1.0,-3.0,0.2857142857142857,-1.0,-2.0,0.0,-2.0,1.0,-1.0,-1.0,1.0,0.0
-2.0,0.10294117647058823,-2.0,-3.0,0.07301639705073182,-4.0,-5.0,1.0,-2.0,-1.0,0.0,-1.0,0.017857142857142856,-1.0,-1.0,0.0,-1.0,0.0,-2.0,-1.0,0.0,0.0
-2.0,0.029411764705882353,-2.0,-4.0,0.7871134587872786,-1.0,-4.0,0.0,-1.0,-1.0,0.3333333333333333,-2.0,0.07142857142857142,-1.0,-1.0,0.0,-4.0,0.0,-1.0,-1.0,0.0,1.0
-1.0,0.29411764705882354,-1.0,-5.0,0.148949048090679,-2.0,-1.0,1.0,-1.0,-1.0,1.0,-2.0,0.7857142857142857,-1.0,-1.0,0.3333333333333333,-1.0,0.0,-1.0,-1.0,1.0,0.0
-3.0,0.07352941176470588,-2.0,-3.0,0.11285352701661715,-5.0,-5.0,0.3333333333333333,-2.0,-1.0,1.0,-2.0,0.05357142857142857,-1.0,-3.0,0.0,-1.0,0.0,-2.0,-1.0,0.0,0.0
-1.0,0.058823529411764705,-1.0,-9.0,0.050291625398921534,-2.0,-1.0,0.6666666666666666,-1.0,-1.0,1.0,-3.0,0.5714285714285714,-2.0,-2.0,0.3333333333333333,-3.0,1.0,-1.0,-1.0,1.0,0.0
-2.0,0.6470588235294118,-5.0,-6.0,0.18245845713656872,-5.0,-3.0,1.0,-1.0,-1.0,0.3333333333333333,-4.0,0.19642857142857142,-1.0,-1.0,0.0,-1.0,0.0,-2.0,-1.0,1.0,0.0
-2.0,0.47058823529411764,-2.0,-4.0,0.7740728513260702,-2.0,-1.0,1.0,-1.0,-1.0,0.3333333333333333,-3.0,0.6785714285714286,-1.0,-2.0,0.0,-3.0,0.0,-1.0,-1.0,1.0,1.0
-2.0,0.38235294117647056,-3.0,-6.0,0.12396830637173985,-5.0,-1.0,1.0,-1.0,-1.0,0.3333333333333333,-2.0,0.39285714285714285,-3.0,-1.0,0.3333333333333333,-1.0,0.0,-2.0,-1.0,1.0,0.0
-1.0,0.16176470588235295,-2.0,-1.0,0.04418399911962144,-2.0,-5.0,1.0,-4.0,-1.0,0.3333333333333333,-1.0,0.14285714285714285,-1.0,-1.0,0.0,-1.0,0.0,-2.0,-2.0,1.0,0.0
-3.0,0.08823529411764706,-2.0,-4.0,0.05705953560030813,-1.0,-1.0,1.0,-1.0,-3.0,0.3333333333333333,-2.0,0.4642857142857143,-1.0,-1.0,0.0,-2.0,0.0,-2.0,-2.0,1.0,0.0
-2.0,0.38235294117647056,-2.0,-3.0,0.17558049961483438,-5.0,-2.0,0.3333333333333333,-2.0,-3.0,1.0,-4.0,0.03571428571428571,-1.0,-3.0,0.0,-1.0,0.0,-2.0,-1.0,0.0,1.0
-3.0,0.11764705882352941,-2.0,-5.0,0.06399251678221635,-4.0,-3.0,0.6666666666666666,-1.0,-1.0,0.3333333333333333,-2.0,0.6428571428571429,-1.0,-1.0,0.0,-1.0,0.0,-2.0,-2.0,1.0,0.0
-3.0,0.6470588235294118,-5.0,-6.0,0.18482447452404535,-2.0,-2.0,0.0,-2.0,-1.0,0.0,-1.0,0.14285714285714285,-3.0,-1.0,0.0,-1.0,0.0,-2.0,-1.0,1.0,0.0
-3.0,0.47058823529411764,-1.0,-4.0,0.350170573346539,-2.0,-1.0,1.0,-1.0,-1.0,1.0,-4.0,0.26785714285714285,-1.0,-1.0,0.3333333333333333,-3.0,0.0,-1.0,-1.0,1.0,0.0
-3.0,0.8235294117647058,-2.0,-1.0,0.544404093760317,-5.0,-3.0,0.3333333333333333,-2.0,-1.0,1.0,-1.0,0.03571428571428571,-1.0,-1.0,0.0,-1.0,0.0,-1.0,-1.0,0.0,0.0
-1.0,0.20588235294117646,-3.0,-2.0,0.45234951028942444,-1.0,-2.0,0.0,-2.0,-1.0,0.3333333333333333,-4.0,0.07142857142857142,-1.0,-3.0,0.3333333333333333,-1.0,0.0,-1.0,-1.0,0.0,0.0
-3.0,0.08823529411764706,-2.0,-2.0,0.026246285902938263,-3.0,-1.0,1.0,-1.0,-1.0,1.0,-3.0,0.48214285714285715,-1.0,-2.0,0.0,-1.0,0.0,-1.0,-1.0,1.0,0.0
-3.0,0.11764705882352941,-1.0,-6.0,0.051447122262572906,-2.0,-2.0,0.6666666666666666,-2.0,-1.0,0.3333333333333333,-1.0,0.14285714285714285,-1.0,-1.0,0.3333333333333333,-1.0,0.0,-2.0,-1.0,1.0,0.0
-2.0,0.029411764705882353,-2.0,-1.0,0.04500935402222956,-2.0,-1.0,1.0,-1.0,-1.0,1.0,-4.0,0.16071428571428573,-1.0,-1.0,0.0,-1.0,1.0,-2.0,-1.0,1.0,0.0
-1.0,0.47058823529411764,-2.0,-5.0,0.2884890502916254,-2.0,-1.0,0.3333333333333333,-1.0,-1.0,1.0,-3.0,0.4107142857142857,-1.0,-2.0,0.0,-1.0,1.0,-2.0,-1.0,1.0,0.0
-4.0,0.20588235294117646,-2.0,-3.0,0.14383184769450863,-2.0,-2.0,0.3333333333333333,-1.0,-1.0,0.0,-1.0,0.26785714285714285,-1.0,-1.0,0.0,-2.0,1.0,-2.0,-1.0,1.0,1.0
-1.0,0.29411764705882354,-2.0,-4.0,0.15808297567954221,-2.0,-5.0,1.0,-2.0,-1.0,0.0,-2.0,0.14285714285714285,-1.0,-1.0,0.0,-1.0,0.0,-2.0,-1.0,1.0,1.0
-3.0,0.2647058823529412,-2.0,-1.0,0.1334323759216463,-3.0,-1.0,0.6666666666666666,-1.0,-1.0,1.0,-4.0,0.375,-1.0,-1.0,0.0,-1.0,0.0,-2.0,-1.0,1.0,0.0
-1.0,0.11764705882352941,-2.0,-1.0,0.026246285902938263,-5.0,-5.0,1.0,-4.0,-1.0,0.6666666666666666,-3.0,0.25,-1.0,-1.0,0.0,-2.0,0.0,-1.0,-1.0,1.0,1.0
-1.0,0.29411764705882354,-1.0,-5.0,0.33944095961263343,-2.0,-1.0,0.3333333333333333,-2.0,-1.0,1.0,-3.0,0.44642857142857145,-1.0,-2.0,0.3333333333333333,-3.0,1.0,-1.0,-1.0,1.0,0.0
-2.0,0.47058823529411764,-4.0,-1.0,0.19555408825795093,-2.0,-2.0,1.0,-2.0,-1.0,0.0,-4.0,0.4107142857142857,-1.0,-1.0,0.0,-1.0,0.0,-1.0,-1.0,1.0,1.0
-3.0,0.38235294117647056,-1.0,-1.0,0.3037856278199626,-2.0,-3.0,1.0,-2.0,-1.0,0.3333333333333333,-4.0,0.10714285714285714,-1.0,-1.0,0.3333333333333333,-1.0,0.0,-2.0,-1.0,1.0,0.0
-3.0,0.29411764705882354,-2.0,-1.0,0.18548475844613183,-5.0,-1.0,0.3333333333333333,-1.0,-1.0,1.0,-4.0,0.21428571428571427,-1.0,-1.0,0.3333333333333333,-1.0,0.0,-2.0,-1.0,1.0,1.0
-1.0,0.029411764705882353,-1.0,-1.0,0.05056674369979091,-1.0,-1.0,1.0,-1.0,-1.0,1.0,-1.0,0.8571428571428571,-1.0,-1.0,0.3333333333333333,-1.0,0.0,-1.0,-1.0,1.0,0.0
