100,20,2
-1.0,0.07352941176470588,-2.0,-1.0,0.06140640475404424,-2.0,-5.0,0.6666666666666666,-2.0,-1.0,1.0,-2.0,0.05357142857142857,-1.0,-3.0,0.0,-1.0,0.0,-2.0,-1.0,0.0,1.0
-3.0,0.08823529411764706,-2.0,-3.0,0.10784637394079453,-2.0,-2.0,0.3333333333333333,-1.0,-1.0,0.3333333333333333,-1.0,0.10714285714285714,-2.0,-3.0,0.0,-2.0,0.0,-2.0,-1.0,1.0,1.0
-1.0,0.29411764705882354,-1.0,-4.0,0.05221745350500715,-2.0,-1.0,1.0,-1.0,-1.0,1.0,-4.0,0.7321428571428571,-1.0,-1.0,0.3333333333333333,-2.0,0.0,-2.0,-1.0,1.0,1.0
-1.0,0.5588235294117647,-2.0,-3.0,0.4199405744470122,-2.0,-3.0,0.3333333333333333,-1.0,-2.0,1.0,-2.0,0.4642857142857143,-1.0,-2.0,0.0,-1.0,1.0,-2.0,-1.0,1.0,0.0
-3.0,0.20588235294117646,-1.0,-1.0,0.0466600638274458,-2.0,-4.0,1.0,-2.0,-1.0,1.0,-4.0,0.8214285714285714,-1.0,-1.0,0.3333333333333333,-4.0,0.0,-2.0,-1.0,1.0,0.0
-3.0,0.16176470588235295,-2.0,-5.0,0.0577748431825685,-1.0,-1.0,1.0,-1.0,-1.0,1.0,-3.0,0.4642857142857143,-2.0,-2.0,0.0,-1.0,1.0,-2.0,-1.0,1.0,0.0
-2.0,0.11764705882352941,-2.0,-4.0,0.05353802134918015,-2.0,-1.0,0.0,-3.0,-1.0,0.0,-1.0,0.48214285714285715,-1.0,-3.0,0.3333333333333333,-1.0,0.0,-2.0,-1.0,1.0,1.0
-1.0,0.47058823529411764,-2.0,-4.0,0.16501595686145043,-2.0,-3.0,0.3333333333333333,-1.0,-1.0,1.0,-3.0,0.35714285714285715,-2.0,-2.0,0.0,-3.0,1.0,-1.0,-1.0,1.0,0.0
-3.0,0.38235294117647056,-1.0,-5.0,0.40420380763728403,-1.0,-1.0,0.0,-1.0,-1.0,1.0,-4.0,0.7857142857142857,-1.0,-1.0,0.3333333333333333,-1.0,0.0,-2.0,-1.0,1.0,0.0
-3.0,0.29411764705882354,-1.0,-4.0,0.12176735996478485,-5.0,-3.0,1.0,-4.0,-1.0,0.6666666666666666,-2.0,0.14285714285714285,-1.0,-1.0,0.3333333333333333,-1.0,0.0,-1.0,-1.0,1.0,0.0
-2.0,0.16176470588235295,-2.0,-8.0,0.06954990645977771,-5.0,-2.0,1.0,-1.0,-2.0,0.3333333333333333,-1.0,0.05357142857142857,-1.0,-1.0,0.0,-1.0,0.0,-2.0,-1.0,0.0,0.0
-3.0,0.16176470588235295,-2.0,-4.0,0.16154946627049632,-4.0,-3.0,0.3333333333333333,-2.0,-1.0,0.6666666666666666,-4.0,0.017857142857142856,-1.0,-3.0,0.0,-1.0,0.0,-2.0,-1.0,0.0,0.0
-3.0,0.11764705882352941,-2.0,-3.0,0.0817651590183779,-2.0,-3.0,0.6666666666666666,-2.0,-1.0,1.0,-1.0,0.21428571428571427,-1.0,-1.0,0.0,-2.0,0.0,-2.0,-1.0,1.0,0.0
-1.0,0.11764705882352941,-1.0,-1.0,0.007428194123473094,-2.0,-3.0,1.0,-2.0,-1.0,0.6666666666666666,-1.0,0.6964285714285714,-1.0,-1.0,1.0,-2.0,0.0,-1.0,-1.0,1.0,0.0
-4.0,0.029411764705882353,-1.0,-4.0,0.06014086057004512,-2.0,-1.0,0.0,-1.0,-1.0,1.0,-1.0,0.48214285714285715,-1.0,-1.0,0.3333333333333333,-1.0,1.0,-2.0,-2.0,1.0,0.0
-2.0,0.38235294117647056,-5.0,-3.0,0.17860680092439749,-4.0,-2.0,1.0,-1.0,-1.0,0.3333333333333333,-4.0,0.26785714285714285,-3.0,-1.0,0.0,-1.0,1.0,-1.0,-1.0,1.0,0.0
-2.0,0.29411764705882354,-2.0,-1.0,0.19302299988995267,-3.0,-4.0,0.0,-2.0,-1.0,1.0,-3.0,0.07142857142857142,-1.0,-3.0,0.0,-4.0,0.0,-2.0,-1.0,0.0,0.0
-3.0,0.29411764705882354,-2.0,-1.0,0.061956641355782986,-3.0,-3.0,1.0,-2.0,-1.0,0.0,-4.0,0.16071428571428573,-1.0,-1.0,0.0,-1.0,0.0,-2.0,-1.0,1.0,0.0
-1.0,0.11764705882352941,-2.0,-1.0,0.10806646858149004,-2.0,-2.0,1.0,-1.0,-1.0,0.6666666666666666,-2.0,0.08928571428571429,-1.0,-1.0,0.0,-2.0,0.0,-2.0,-1.0,0.0,0.0
-4.0,0.11764705882352941,-2.0,-1.0,0.1521954440409376,-2.0,-2.0,0.6666666666666666,-4.0,-1.0,0.0,-4.0,0.08928571428571429,-1.0,-1.0,0.0,-1.0,0.0,-2.0,-1.0,0.0,0.0
-3.0,0.11764705882352941,-1.0,-3.0,0.055463849455265765,-2.0,-5.0,0.3333333333333333,-2.0,-1.0,1.0,-2.0,0.05357142857142857,-1.0,-3.0,0.3333333333333333,-2.0,0.0,-2.0,-1.0,0.0,0.0
-2.0,0.29411764705882354,-3.0,-6.0,0.3695939253879168,-5.0,-3.0,1.0,-1.0,-1.0,1.0,-4.0,0.30357142857142855,-1.0,-3.0,0.0,-3.0,0.0,-1.0,-1.0,1.0,0.0
-3.0,0.47058823529411764,-2.0,-4.0,0.03626059205458347,-3.0,-1.0,1.0,-1.0,-1.0,1.0,-2.0,0.30357142857142855,-1.0,-1.0,0.0,-1.0,0.0,-2.0,-1.0,1.0,0.0
-3.0,0.08823529411764706,-2.0,-10.0,0.03543523715197535,-1.0,-3.0,1.0,-2.0,-1.0,0.6666666666666666,-2.0,0.375,-1.0,-1.0,0.0,-1.0,0.0,-1.0,-1.0,1.0,0.0
-3.0,0.8235294117647058,-2.0,-4.0,0.3453835149114119,-1.0,-2.0,1.0,-1.0,-1.0,1.0,-3.0,0.26785714285714285,-1.0,-2.0,0.0,-1.0,1.0,-1.0,-1.0,1.0,0.0
-4.0,0.08823529411764706,-2.0,-4.0,0.20353251898316277,-2.0,-5.0,0.0,-1.0,-2.0,0.0,-2.0,0.32142857142857145,-1.0,-1.0,0.0,-2.0,1.0,-2.0,-1.0,1.0,0.0
-2.0,0.5147058823529411,-1.0,-1.0,0.25767580059425554,-2.0,-3.0,0.3333333333333333,-1.0,-2.0,0.3333333333333333,-1.0,0.10714285714285714,-1.0,-1.0,0.3333333333333333,-1.0,0.0,-2.0,-1.0,1.0,1.0
-2.0,0.11764705882352941,-2.0,-1.0,0.0706503796632552,-2.0,-5.0,0.0,-4.0,-1.0,0.0,-1.0,0.07142857142857142,-1.0,-3.0,0.0,-1.0,0.0,-2.0,-1.0,0.0,1.0
-2.0,0.029411764705882353,-5.0,-4.0,0.03747111257840872,-5.0,-5.0,0.0,-2.0,-1.0,0.0,-2.0,0.23214285714285715,-3.0,-1.0,0.0,-2.0,0.0,-2.0,-1.0,1.0,1.0
-4.0,0.11764705882352941,-2.0,-1.0,0.17326950588753165,-1.0,-1.0,0.3333333333333333,-1.0,-1.0,0.6666666666666666,-4.0,0.32142857142857145,-1.0,-1.0,0.0,-3.0,0.0,-2.0,-1.0,1.0,0.0
-3.0,0.6470588235294118,-1.0,-5.0,0.6239683063717398,-5.0,-2.0,0.3333333333333333,-2.0,-1.0,1.0,-4.0,0.08928571428571429,-2.0,-3.0,0.3333333333333333,-2.0,0.0,-2.0,-1.0,0.0,1.0
-2.0,0.16176470588235295,-5.0,-4.0,0.055793991416309016,-5.0,-2.0,0.3333333333333333,-4.0,-1.0,0.3333333333333333,-2.0,0.10714285714285714,-1.0,-3.0,0.0,-1.0,0.0,-2.0,-1.0,1.0,1.0
-3.0,0.11764705882352941,-2.0,-4.0,0.08990866072411137,-2.0,-1.0,1.0,-1.0,-1.0,1.0,-4.0,0.35714285714285715,-1.0,-1.0,0.0,-3.0,0.0,-1.0,-1.0,1.0,0.0
-2.0,0.20588235294117646,-2.0,-6.0,0.09150434686915374,-4.0,-5.0,0.6666666666666666,-4.0,-1.0,0.6666666666666666,-1.0,0.30357142857142855,-2.0,-1.0,0.0,-1.0,0.0,-1.0,-1.0,1.0,0.0
-3.0,0.38235294117647056,-1.0,-1.0,0.14201606690877078,-2.0,-2.0,1.0,-2.0,-1.0,0.3333333333333333,-4.0,0.25,-1.0,-1.0,0.0,-1.0,0.0,-1.0,-1.0,1.0,0.0
-4.0,0.29411764705882354,-2.0,-1.0,0.06201166501595686,-5.0,-1.0,1.0,-2.0,-1.0,0.3333333333333333,-3.0,0.5,-1.0,-2.0,0.0,-1.0,0.0,-1.0,-1.0,1.0,0.0
-1.0,0.11764705882352941,-2.0,-3.0,0.025200836359634642,-2.0,-2.0,0.3333333333333333,-1.0,-2.0,0.6666666666666666,-2.0,0.3392857142857143,-1.0,-1.0,0.0,-2.0,1.0,-2.0,-1.0,1.0,0.0
-2.0,0.11764705882352941,-2.0,-4.0,0.09640145262462858,-2.0,-3.0,0.6666666666666666,-1.0,-1.0,1.0,-2.0,0.19642857142857142,-1.0,-3.0,0.0,-1.0,1.0,-1.0,-1.0,1.0,0.0
-1.0,0.16176470588235295,-1.0,-3.0,0.06509298998569385,-2.0,-2.0,1.0,-2.0,-1.0,0.6666666666666666,-2.0,0.10714285714285714,-1.0,-3.0,0.3333333333333333,-1.0,0.0,-2.0,-1.0,1.0,0.0
-3.0,0.11764705882352941,-2.0,-3.0,0.028227137669197756,-2.0,-2.0,1.0,-2.0,-1.0,0.0,-1.0,0.125,-1.0,-1.0,0.0,-1.0,0.0,-1.0,-1.0,1.0,0.0
-1.0,0.20588235294117646,-2.0,-7.0,0.0532078793881369,-2.0,-2.0,1.0,-4.0,-1.0,0.6666666666666666,-1.0,0.5,-1.0,-1.0,0.0,-2.0,0.0,-1.0,-1.0,1.0,1.0
-4.0,0.11764705882352941,-2.0,-3.0,0.06734896005282272,-2.0,-5.0,1.0,-2.0,-1.0,0.0,-2.0,0.25,-2.0,-1.0,0.0,-3.0,0.0,-1.0,-1.0,1.0,0.0
-3.0,0.11764705882352941,-1.0,-4.0,0.06850445691647408,-2.0,-1.0,1.0,-1.0,-1.0,0.0,-1.0,0.3392857142857143,-1.0,-1.0,0.3333333333333333,-2.0,1.0,-2.0,-1.0,1.0,0.0
-3.0,0.029411764705882353,-2.0,-10.0,0.05436337625178827,-1.0,-4.0,1.0,-1.0,-1.0,1.0,-2.0,0.30357142857142855,-1.0,-1.0,0.0,-3.0,1.0,-1.0,-1.0,1.0,0.0
-1.0,0.23529411764705882,-1.0,-3.0,0.2213051612193243,-2.0,-1.0,0.0,-2.0,-1.0,1.0,-2.0,0.08928571428571429,-1.0,-1.0,0.3333333333333333,-1.0,0.0,-2.0,-1.0,0.0,0.0
-3.0,0.20588235294117646,-1.0,-4.0,0.04429404643996919,-2.0,-5.0,1.0,-2.0,-1.0,0.0,-2.0,0.19642857142857142,-1.0,-1.0,0.3333333333333333,-1.0,0.0,-2.0,-1.0,1.0,0.0
-2.0,0.20588235294117646,-2.0,-4.0,0.04357873885770881,-1.0,-2.0,1.0,-2.0,-1.0,0.3333333333333333,-2.0,0.25,-1.0,-1.0,0.0,-1.0,0.0,-2.0,-1.0,1.0,1.0
-1.0,0.25,-5.0,-4.0,0.07686805326290305,-1.0,-2.0,1.0,-1.0,-1.0,0.3333333333333333,-2.0,0.375,-1.0,-1.0,0.3333333333333333,-2.0,1.0,-2.0,-1.0,1.0,1.0
-3.0,0.29411764705882354,-2.0,-1.0,0.313249697369869,-1.0,-5.0,0.0,-2.0,-1.0,0.0,-4.0,0.44642857142857145,-1.0,-1.0,0.3333333333333333,-1.0,0.0,-1.0,-1.0,1.0,1.0
-3.0,0.11764705882352941,-2.0,-4.0,0.117750632772092,-1.0,-1.0,1.0,-1.0,-1.0,0.6666666666666666,-4.0,0.5535714285714286,-1.0,-1.0,0.0,-1.0,0.0,-1.0,-1.0,1.0,0.0
-2.0,0.29411764705882354,-2.0,-4.0,0.060801144492131615,-2.0,-5.0,0.6666666666666666,-2.0,-1.0,1.0,-4.0,0.10714285714285714,-1.0,-1.0,0.0,-2.0,0.0,-1.0,-1.0,1.0,1.0
-3.0,0.029411764705882353,-1.0,-1.0,0.06228678331682624,-2.0,-2.0,0.0,-2.0,-1.0,0.0,-4.0,0.16071428571428573,-1.0,-1.0,0.3333333333333333,-1.0,0.0,-1.0,-1.0,1.0,0.0
-2.0,0.29411764705882354,-2.0,-4.0,0.1357983933091229,-2.0,-2.0,0.6666666666666666,-2.0,-1.0,1.0,-2.0,0.017857142857142856,-1.0,-3.0,0.0,-2.0,0.0,-1.0,-1.0,0.0,1.0
-1.0,0.29411764705882354,-1.0,-5.0,0.3502255970067129,-2.0,-4.0,0.3333333333333333,-1.0,-1.0,1.0,-3.0,1.0,-1.0,-2.0,0.3333333333333333,-3.0,0.0,-1.0,-1.0,1.0,0.0
-1.0,0.11764705882352941,-2.0,-2.0,0.052272477165181026,-1.0,-2.0,1.0,-2.0,-1.0,1.0,-2.0,0.07142857142857142,-2.0,-3.0,0.0,-1.0,0.0,-1.0,-1.0,0.0,0.0
-2.0,0.11764705882352941,-2.0,-4.0,0.0351050951909321,-2.0,-1.0,1.0,-1.0,-1.0,1.0,-4.0,0.39285714285714285,-2.0,-1.0,0.0,-2.0,1.0,-2.0,-1.0,1.0,1.0
-2.0,0.8235294117647058,-3.0,-1.0,0.4900957411687025,-1.0,-2.0,0.3333333333333333,-1.0,-1.0,0.3333333333333333,-3.0,0.14285714285714285,-1.0,-2.0,0.0,-3.0,0.0,-2.0,-1.0,1.0,0.0
-3.0,0.35294117647058826,-1.0,-1.0,0.1371739848134698,-2.0,-1.0,1.0,-1.0,-1.0,0.3333333333333333,-4.0,0.17857142857142858,-1.0,-1.0,0.3333333333333333,-1.0,0.0,-2.0,-1.0,1.0,0.0
-2.0,0.6470588235294118,-2.0,-4.0,0.3471992956971498,-5.0,-3.0,0.6666666666666666,-1.0,-1.0,0.3333333333333333,-2.0,0.08928571428571429,-1.0,-1.0,0.0,-1.0,0.0,-2.0,-1.0,0.0,1.0
-1.0,0.11764705882352941,-2.0,-3.0,0.056784417299438755,-2.0,-2.0,0.3333333333333333,-2.0,-1.0,1.0,-4.0,0.017857142857142856,-1.0,-3.0,0.0,-1.0,0.0,-2.0,-1.0,0.0,1.0
-3.0,0.47058823529411764,-1.0,-5.0,0.3076923076923077,-2.0,-1.0,0.3333333333333333,-1.0,-1.0,0.3333333333333333,-2.0,0.2857142857142857,-1.0,-1.0,0.3333333333333333,-1.0,1.0,-1.0,-1.0,1.0,0.0
-3.0,0.029411764705882353,-2.0,-5.0,0.05425332893144052,-3.0,-2.0,0.3333333333333333,-1.0,-1.0,1.0,-2.0,0.5535714285714286,-1.0,-3.0,0.0,-1.0,0.0,-2.0,-1.0,1.0,0.0
-3.0,0.07352941176470588,-2.0,-4.0,0.12418840101243535,-3.0,-1.0,0.3333333333333333,-1.0,-1.0,1.0,-3.0,0.5714285714285714,-1.0,-2.0,0.0,-2.0,0.0,-2.0,-1.0,1.0,0.0
-3.0,0.25,-1.0,-3.0,0.11213821943435677,-2.0,-5.0,1.0,-2.0,-1.0,1.0,-2.0,0.07142857142857142,-1.0,-1.0,0.0,-1.0,0.0,-1.0,-1.0,0.0,0.0
-2.0,0.29411764705882354,-2.0,-3.0,0.20947507428194123,-2.0,-3.0,0.6666666666666666,-3.0,-1.0,0.6666666666666666,-4.0,0.42857142857142855,-1.0,-1.0,0.0,-1.0,0.0,-1.0,-1.0,1.0,1.0
-3.0,0.7352941176470589,-4.0,-5.0,0.5054473423572136,-1.0,-2.0,0.3333333333333333,-1.0,-1.0,0.3333333333333333,-2.0,0.35714285714285715,-1.0,-1.0,0.0,-2.0,1.0,-2.0,-1.0,1.0,0.0
-1.0,0.11764705882352941,-1.0,-4.0,0.02426543413667877,-2.0,-1.0,1.0,-1.0,-1.0,0.6666666666666666,-2.0,0.2857142857142857,-1.0,-1.0,0.3333333333333333,-1.0,0.0,-2.0,-1.0,1.0,1.0
-2.0,0.20588235294117646,-1.0,-3.0,0.09232970177176186,-2.0,-5.0,0.3333333333333333,-1.0,-1.0,0.3333333333333333,-1.0,0.21428571428571427,-1.0,-1.0,0.3333333333333333,-2.0,0.0,-2.0,-1.0,1.0,1.0
-2.0,0.07352941176470588,-2.0,-1.0,0.045779685264663805,-2.0,-1.0,1.0,-1.0,-1.0,1.0,-4.0,0.14285714285714285,-1.0,-1.0,0.3333333333333333,-2.0,0.0,-2.0,-1.0,1.0,0.0
-1.0,0.29411764705882354,-2.0,-3.0,0.4110817651590184,-1.0,-5.0,0.0,-2.0,-1.0,0.3333333333333333,-2.0,0.19642857142857142,-1.0,-1.0,0.0,-1.0,0.0,-1.0,-2.0,1.0,0.0
-1.0,0.29411764705882354,-2.0,-1.0,0.0928799383735006,-2.0,-5.0,1.0,-3.0,-1.0,0.6666666666666666,-2.0,0.23214285714285715,-1.0,-1.0,0.0,-1.0,0.0,-2.0,-1.0,1.0,1.0
-2.0,0.38235294117647056,-4.0,-6.0,0.2217453505007153,-5.0,-2.0,1.0,-2.0,-1.0,1.0,-4.0,0.125,-1.0,-3.0,0.3333333333333333,-2.0,0.0,-2.0,-1.0,1.0,1.0
-1.0,0.08823529411764706,-1.0,-4.0,0.04335864421701332,-2.0,-3.0,1.0,-1.0,-3.0,0.6666666666666666,-2.0,0.5357142857142857,-1.0,-1.0,0.3333333333333333,-1.0,0.0,-1.0,-1.0,1.0,0.0
-3.0,0.47058823529411764,-2.0,-1.0,0.19725982172334103,-1.0,-1.0,0.3333333333333333,-2.0,-1.0,1.0,-1.0,0.4642857142857143,-1.0,-1.0,0.0,-2.0,0.0,-1.0,-1.0,1.0,0.0
-3.0,0.20588235294117646,-1.0,-5.0,0.19808517662594916,-2.0,-3.0,0.6666666666666666,-1.0,-1.0,0.0,-4.0,0.14285714285714285,-1.0,-1.0,0.3333333333333333,-1.0,0.0,-2.0,-1.0,1.0,0.0
-4.0,0.16176470588235295,-2.0,-2.0,0.09106415758776273,-2.0,-1.0,1.0,-1.0,-1.0,1.0,-4.0,0.375,-1.0,-3.0,0.0,-3.0,0.0,-1.0,-1.0,1.0,0.0
-1.0,0.25,-2.0,-1.0,0.12963574336964895,-2.0,-5.0,1.0,-2.0,-1.0,1.0,-2.0,0.16071428571428573,-1.0,-3.0,0.0,-3.0,0.0,-1.0,-1.0,1.0,0.0
-1.0,0.029411764705882353,-2.0,-4.0,0.8058765269065699,-2.0,-1.0,0.0,-1.0,-1.0,1.0,-3.0,0.875,-2.0,-1.0,0.0,-3.0,0.0,-1.0,-1.0,1.0,1.0
-3.0,0.08823529411764706,-1.0,-3.0,0.10432485968966655,-2.0,-5.0,0.0,-2.0,-1.0,0.6666666666666666,-1.0,0.07142857142857142,-1.0,-3.0,0.3333333333333333,-1.0,0.0,-2.0,-1.0,0.0,0.0
-3.0,0.29411764705882354,-2.0,-5.0,0.17816661164300648,-5.0,-3.0,0.6666666666666666,-2.0,-1.0,1.0,-4.0,0.07142857142857142,-1.0,-1.0,0.0,-1.0,0.0,-2.0,-1.0,0.0,0.0
-3.0,0.07352941176470588,-2.0,-3.0,0.09519093210080334,-2.0,-5.0,0.3333333333333333,-2.0,-3.0,0.3333333333333333,-4.0,0.0,-1.0,-3.0,0.3333333333333333,-1.0,0.0,-2.0,-1.0,0.0,1.0
-2.0,0.6470588235294118,-3.0,-6.0,0.3538571585781886,-1.0,-2.0,1.0,-1.0,-1.0,1.0,-3.0,0.3392857142857143,-1.0,-2.0,0.0,-1.0,1.0,-1.0,-1.0,1.0,0.0
-2.0,0.11764705882352941,-2.0,-8.0,0.021404203807637284,-2.0,-2.0,1.0,-1.0,-1.0,0.3333333333333333,-4.0,0.19642857142857142,-1.0,-1.0,0.0,-1.0,0.0,-2.0,-1.0,1.0,1.0
-2.0,0.20588235294117646,-1.0,-6.0,0.18377902498074172,-2.0,-4.0,0.6666666666666666,-4.0,-1.0,0.6666666666666666,-4.0,0.375,-1.0,-1.0,0.6666666666666666,-4.0,1.0,-1.0,-1.0,1.0,0.0
-3.0,0.11764705882352941,-2.0,-1.0,0.028942445251458126,-2.0,-2.0,1.0,-4.0,-1.0,0.3333333333333333,-1.0,0.16071428571428573,-1.0,-1.0,0.0,-1.0,0.0,-2.0,-1.0,1.0,0.0
-3.0,0.29411764705882354,-1.0,-4.0,0.09298998569384835,-4.0,-1.0,1.0,-1.0,-1.0,1.0,-1.0,0.7321428571428571,-1.0,-1.0,0.0,-1.0,0.0,-1.0,-1.0,1.0,0.0
-4.0,0.5588235294117647,-4.0,-6.0,0.3322878837900297,-2.0,-5.0,0.3333333333333333,-3.0,-1.0,0.0,-2.0,0.25,-1.0,-1.0,0.3333333333333333,-1.0,0.0,-2.0,-1.0,1.0,0.0
-1.0,0.6470588235294118,-2.0,-1.0,0.3713546825134808,-2.0,-3.0,0.0,-4.0,-2.0,0.0,-1.0,0.26785714285714285,-1.0,-1.0,0.3333333333333333,-1.0,0.0,-1.0,-1.0,1.0,1.0
-1.0,0.11764705882352941,-1.0,-4.0,0.10294926818531969,-2.0,-2.0,1.0,-1.0,-1.0,0.3333333333333333,-2.0,0.19642857142857142,-1.0,-1.0,0.3333333333333333,-1.0,0.0,-2.0,-1.0,1.0,0.0
-1.0,0.6470588235294118,-2.0,-5.0,0.5528227137669198,-2.0,-3.0,1.0,-1.0,-1.0,1.0,-3.0,0.35714285714285715,-3.0,-2.0,0.6666666666666666,-1.0,1.0,-1.0,-1.0,1.0,1.0
-3.0,0.11764705882352941,-1.0,-2.0,0.18240343347639484,-1.0,-5.0,0.3333333333333333,-1.0,-1.0,0.0,-2.0,0.32142857142857145,-1.0,-1.0,0.3333333333333333,-2.0,1.0,-2.0,-1.0,1.0,0.0
-3.0,0.20588235294117646,-1.0,-1.0,0.049466270496313414,-4.0,-2.0,1.0,-1.0,-1.0,0.6666666666666666,-1.0,0.48214285714285715,-1.0,-1.0,0.3333333333333333,-1.0,0.0,-2.0,-1.0,1.0,0.0
-3.0,0.47058823529411764,-2.0,-6.0,0.3021899416749202,-5.0,-3.0,0.3333333333333333,-1.0,-1.0,0.3333333333333333,-4.0,0.21428571428571427,-1.0,-1.0,0.3333333333333333,-1.0,0.0,-1.0,-1.0,1.0,0.0
-1.0,0.11764705882352941,-5.0,-1.0,0.10448993067018818,-2.0,-2.0,1.0,-3.0,-1.0,0.0,-3.0,0.17857142857142858,-1.0,-2.0,0.0,-1.0,0.0,-2.0,-1.0,1.0,1.0
-2.0,0.29411764705882354,-2.0,-9.0,0.6095521074061847,-2.0,-2.0,0.3333333333333333,-1.0,-3.0,0.6666666666666666,-4.0,0.17857142857142858,-2.0,-1.0,0.3333333333333333,-3.0,0.0,-1.0,-1.0,1.0,1.0
-1.0,0.47058823529411764,-2.0,-3.0,0.18542973478595795,-2.0,-2.0,0.0,-1.0,-2.0,0.3333333333333333,-2.0,0.32142857142857145,-1.0,-1.0,0.0,-1.0,1.0,-2.0,-1.0,1.0,0.0
-2.0,0.16176470588235295,-2.0,-8.0,0.13101133487399583,-5.0,-2.0,0.6666666666666666,-2.0,-1.0,0.3333333333333333,-1.0,0.10714285714285714,-1.0,-1.0,0.0,-2.0,0.0,-2.0,-1.0,1.0,0.0
-3.0,0.20588235294117646,-2.0,-6.0,0.0935402222955871,-2.0,-3.0,1.0,-1.0,-1.0,0.0,-4.0,0.26785714285714285,-3.0,-1.0,0.3333333333333333,-1.0,0.0,-1.0,-1.0,1.0,0.0
-1.0,0.16176470588235295,-2.0,-4.0,0.08093980411576979,-2.0,-5.0,0.3333333333333333,-1.0,-1.0,0.6666666666666666,-1.0,0.30357142857142855,-1.0,-1.0,0.0,-1.0,0.0,-2.0,-1.0,1.0,0.0
-3.0,0.10294117647058823,-1.0,-4.0,0.06289204357873886,-2.0,-5.0,1.0,-2.0,-1.0,1.0,-4.0,0.2857142857142857,-1.0,-1.0,0.3333333333333333,-3.0,0.0,-2.0,-1.0,1.0,0.0
