270,2,3
0.47706642030041235,0.854037594947534,0.0,0.0,1.0
0.23685872945589292,0.7906751165337156,1.0,0.0,1.0
0.034593323880411475,0.7513040154393367,1.0,0.0,1.0
0.20007690785407084,0.11366786620689961,1.0,0.0,0.0
0.6413868807534965,0.5462545391828129,1.0,1.0,1.0
0.8800316737445105,0.6957652170692684,0.0,1.0,1.0
0.3273539072327689,0.6432135760676226,1.0,0.0,1.0
0.07207575343750938,0.33021062486779806,1.0,0.0,0.0
0.18952359845904343,0.36526585589120797,1.0,0.0,0.0
0.5830548274842021,0.4078795979174905,1.0,1.0,0.0
0.8695391865790856,0.12313394494080854,0.0,1.0,0.0
0.4481567371040506,0.45739630396455944,1.0,1.0,1.0
0.8593020123777559,0.41381815450754067,0.0,1.0,0.0
0.2936509133660392,0.7313616909811292,1.0,0.0,1.0
0.7712922638430929,0.2648165104561323,0.0,1.0,0.0
0.45485715085153056,5.52575871463068E-4,1.0,0.0,0.0
0.14341384240477173,0.5274315039742219,1.0,0.0,0.0
0.9872833376042064,0.465602439878399,0.0,1.0,0.0
0.1128872423869447,0.3969487150810871,1.0,0.0,0.0
0.9400378160666508,0.8934365119453422,0.0,0.0,1.0
0.47643290187711773,0.8818039253393665,0.0,0.0,1.0
0.21472940271985985,0.5919537755487727,1.0,0.0,1.0
0.6303574879747175,0.844871354777339,0.0,1.0,1.0
0.8383092015291307,0.15418926163969393,0.0,1.0,0.0
0.6647905365100094,0.34458088158602507,1.0,1.0,0.0
0.17393932922481603,0.47713995927095576,1.0,0.0,0.0
0.032907717438041995,0.9839490050363134,0.0,0.0,1.0
0.3109253360263158,0.6249097142036051,1.0,0.0,1.0
0.157943735296862,0.645403637145081,1.0,0.0,1.0
0.9381321081458913,0.519341057776048,0.0,1.0,0.0
0.9860672256364454,0.7918002319253451,0.0,1.0,0.0
0.38374601193875646,0.30838982794517833,1.0,1.0,0.0
0.8935959844882783,0.3616576437415834,0.0,1.0,0.0
0.8904841163788363,0.3729202784289496,0.0,1.0,0.0
0.6146478841762487,0.35769487140790357,1.0,1.0,0.0
0.9552563142760943,0.07007842448740198,0.0,1.0,0.0
0.120402035909288,0.6825864525892429,1.0,0.0,1.0
0.43383695445693393,0.04714446457281041,1.0,0.0,0.0
0.9180995710957142,0.6335599387504078,0.0,1.0,0.0
0.7512442571228471,0.5399907884708954,0.0,1.0,1.0
0.11975849877077416,1.3018918639773336E-4,1.0,0.0,0.0
0.7813597653006665,0.683884406108354,0.0,1.0,1.0
0.7605459458978964,0.2770924617839432,0.0,1.0,0.0
0.6674239885266396,0.9333857190409026,0.0,0.0,1.0
0.6784344270990134,0.42851548832704633,1.0,1.0,0.0
0.2693130653082141,0.6101617944107254,1.0,0.0,1.0
0.4320841646089917,0.582707216724263,1.0,1.0,1.0
0.6742970468269985,0.7106166941507585,0.0,1.0,1.0
0.7049984481806725,0.22037486318926625,0.0,1.0,0.0
0.8349127817063619,0.9213378550134209,0.0,0.0,1.0
0.009336585403115993,0.5219619922943821,1.0,0.0,0.0
0.13755713967040928,0.540665069629996,1.0,0.0,0.0
0.8141185877227863,0.9255817186779839,0.0,0.0,1.0
0.5353655236670627,0.5634002313364467,1.0,1.0,1.0
0.2343895346165823,0.9613707592952428,0.0,0.0,1.0
0.33414014171660844,0.5867317060465833,1.0,0.0,1.0
0.8768837558442958,0.6499361767813617,0.0,1.0,1.0
0.0421894005198048,0.9984091174429334,0.0,0.0,1.0
0.8137969450508092,0.8733816274245965,0.0,1.0,1.0
0.39004887811487643,0.2720720583646842,1.0,1.0,0.0
0.7551799872062865,0.13581677240850076,0.0,1.0,0.0
0.5475406938470393,0.21821383082240187,1.0,1.0,0.0
0.08830746091421915,0.5340248232803936,1.0,0.0,0.0
0.5817204611145447,0.3501963805569104,1.0,1.0,0.0
0.8085579605363861,0.5619210937589931,0.0,1.0,1.0
0.47551875373873953,0.7193485960457611,1.0,1.0,1.0
0.12710751425661904,0.1974734411715242,1.0,0.0,0.0
0.07948937954858759,0.7498147260977512,1.0,0.0,1.0
0.13581386722717104,0.7886653559262404,1.0,0.0,1.0
0.5460326177121404,0.4942246493382978,1.0,1.0,1.0
0.8935794247968988,0.7701165133890284,0.0,1.0,1.0
0.8832241258453367,0.9635507804203229,0.0,0.0,1.0
0.37837188446199077,0.3386075181446606,1.0,1.0,0.0
0.07989181746489138,0.915057392800815,0.0,0.0,1.0
0.6367580805413119,0.5467748224341161,1.0,1.0,1.0
0.7863666288906915,0.9218704912199499,0.0,0.0,1.0
0.33157735241099484,0.02888466057027017,1.0,0.0,0.0
0.6397831247075972,0.21338062460607066,1.0,1.0,0.0
0.024544298870513015,0.4596424704159169,1.0,0.0,0.0
0.7393012672441481,0.8638707863515421,0.0,1.0,1.0
0.0035905418679630374,0.2957451882650759,1.0,0.0,0.0
0.5165614240372679,0.2786282956079996,1.0,1.0,0.0
0.30268416435576206,0.6082824426159421,1.0,0.0,1.0
0.427404524350968,0.8216084189572419,1.0,0.0,1.0
0.1583565866697919,0.26179728874938013,1.0,0.0,0.0
0.4966263443710912,0.5625032385589366,1.0,1.0,1.0
0.6173642953030714,0.6899420376370796,0.0,1.0,1.0
0.36384524384250105,0.451782796136764,1.0,1.0,1.0
0.5525746429417029,0.6903666377684163,1.0,1.0,1.0
0.7076577214770339,0.8860361681397008,0.0,1.0,1.0
0.5617188945569057,0.4266785535103511,1.0,1.0,1.0
0.20536696147285705,0.08105457192044374,1.0,0.0,0.0
0.7096078887799563,0.44633071884591735,0.0,1.0,0.0
0.7425156542627142,0.3636167615571366,0.0,1.0,0.0
0.1543196992418039,0.9084015177133304,0.0,0.0,1.0
0.23585711565831968,0.6521618401254426,1.0,0.0,1.0
0.11486728911486144,0.9876994937095811,0.0,0.0,1.0
0.4975844734675251,0.6220040097671812,1.0,1.0,1.0
0.4646143085867588,0.8900771471834503,0.0,0.0,1.0
0.8919109691553083,0.9423672129964668,0.0,0.0,1.0
0.6802183809667688,0.8705362439113392,0.0,1.0,1.0
0.13558706353523897,0.6800538286347805,1.0,0.0,1.0
0.8149448332632374,0.34368876585531594,0.0,1.0,0.0
0.07930788593957538,0.7136916493721622,1.0,0.0,1.0
0.9493098298748014,0.9663540501706064,0.0,0.0,1.0
0.8478744754082683,0.7339905384627403,0.0,1.0,1.0
0.7287765783813323,0.903185794063656,0.0,0.0,1.0
0.4115274335432997,0.7610037532022212,1.0,0.0,1.0
0.4238323997892185,0.8440229206975804,1.0,0.0,1.0
0.6200476933092843,0.06129449039656143,0.0,1.0,0.0
0.22247213433137902,0.7340413971049496,1.0,0.0,1.0
0.9331362376453387,0.13630742969004406,0.0,1.0,0.0
0.09422990255308761,0.31100287833695717,1.0,0.0,0.0
0.47938657083910763,0.6356052816430129,1.0,1.0,1.0
0.6485511815303826,0.4748951690032621,1.0,1.0,1.0
0.5163852701602463,0.8610636693174767,0.0,0.0,1.0
0.03743670916599906,0.04018772024083839,1.0,0.0,0.0
0.23661588931533828,0.5416131564637704,1.0,0.0,1.0
0.17057233252805837,0.9498989514496319,0.0,0.0,1.0
0.410976141103534,0.8861129239591423,0.0,0.0,1.0
0.2709453009306988,0.813068062860299,1.0,0.0,1.0
0.5410105465019801,0.9741422091988826,0.0,0.0,1.0
0.5722213045281215,0.12671409972499748,1.0,1.0,0.0
0.37437980337406074,0.5454284662494482,1.0,1.0,1.0
0.5900140084628555,0.11150795187009066,1.0,1.0,0.0
0.2976900639136325,0.4002930500223787,1.0,0.0,0.0
0.45564518965798695,0.7503738806008806,1.0,1.0,1.0
0.07019309413576136,0.2728778811906267,1.0,0.0,0.0
0.7605265226748634,0.5720718715829658,0.0,1.0,1.0
0.8106181997691493,0.9782601217604445,0.0,0.0,1.0
0.6720194551006636,0.7205964643057982,0.0,1.0,1.0
0.39788526236093247,0.3129061889998107,1.0,1.0,0.0
0.5103295288145364,0.04084014117212931,1.0,1.0,0.0
0.8783087678692673,0.5335357061304624,0.0,1.0,0.0
0.03734707507637125,0.3099768210045424,1.0,0.0,0.0
0.7581284137493385,0.6153195400593583,0.0,1.0,1.0
0.04875859380484693,0.9019751031430562,0.0,0.0,1.0
0.7995232055210135,0.9477298262432119,0.0,0.0,1.0
0.007631862315383042,0.28908852728980283,1.0,0.0,0.0
0.378547729798567,0.27473806191004757,1.0,1.0,0.0
0.275782753407261,0.43834512139592385,1.0,0.0,0.0
0.8297905645209736,0.7164412202460052,0.0,1.0,1.0
0.15186367778238885,0.20006174349150085,1.0,0.0,0.0
0.5788510617927347,0.7209937106311204,1.0,1.0,1.0
0.9730436310923287,0.6905886317475636,0.0,1.0,0.0
0.36246751296845214,0.4786608886676632,1.0,1.0,1.0
0.24590076641137038,0.57293070350112,1.0,0.0,1.0
0.855322816407672,0.16942503651307905,0.0,1.0,0.0
0.7480620608964265,0.7814344413202982,0.0,1.0,1.0
0.9345292267667011,0.058819277812445114,0.0,1.0,0.0
0.9540777480359847,0.5677157534553936,0.0,1.0,0.0
0.7008643127406927,0.5479205313484937,0.0,1.0,1.0
0.4927760536039343,0.1218662721880982,1.0,1.0,0.0
0.6629182522972586,0.39548835869496346,1.0,1.0,0.0
0.48894251125333876,0.02304975264476794,1.0,1.0,0.0
0.5513590176593071,0.44765688000894777,1.0,1.0,1.0
0.6112292933930147,0.20623281904478097,1.0,1.0,0.0
0.9170075539236424,0.5103561432610159,0.0,1.0,0.0
0.8380479546988854,0.23333316443878738,0.0,1.0,0.0
0.777873850578877,0.9507820966187146,0.0,0.0,1.0
0.35130138186186366,0.2648209013712596,1.0,1.0,0.0
0.6858185794208931,0.458243670225162,1.0,1.0,1.0
0.15857631104610181,0.4372784850347803,1.0,0.0,0.0
0.6972490136637652,0.7178485954724318,0.0,1.0,1.0
0.27178280536455135,0.36856131024312044,1.0,0.0,0.0
0.1382616984767221,0.3899579180115019,1.0,0.0,0.0
0.46121237974274765,0.8239862949893855,1.0,0.0,1.0
0.5819587680654071,0.8006105091582472,0.0,1.0,1.0
0.922716203090962,0.6641542429350229,0.0,1.0,1.0
0.9810391438545163,0.3406917516124409,0.0,1.0,0.0
0.4156872584227159,0.04046027481809067,1.0,0.0,0.0
0.9830188896477606,0.062013222870147766,0.0,1.0,0.0
0.262099035994368,0.704290735437042,1.0,0.0,1.0
0.03681466432846614,0.05401508973466673,1.0,0.0,0.0
0.533028467146949,0.05313851755112875,1.0,1.0,0.0
0.47826315758673654,0.5480284942459684,1.0,1.0,1.0
0.8920864065289519,0.6229755659167563,0.0,1.0,1.0
0.8273988173618366,0.1569700724612616,0.0,1.0,0.0
0.18846423864026818,0.8841277901845387,1.0,0.0,1.0
0.11359946496702722,0.28022533763594826,1.0,0.0,0.0
0.8911768224632736,0.3410924705921383,0.0,1.0,0.0
0.8943416930076646,0.2573279831903682,0.0,1.0,0.0
0.2646004450960262,0.19943899261222386,1.0,0.0,0.0
0.5552109085462218,0.20710567486228626,1.0,1.0,0.0
0.42715396224711244,0.9121647708451546,0.0,0.0,1.0
0.5856644995939269,0.2356721209646595,1.0,1.0,0.0
0.5472530658706719,0.11170440761541556,1.0,1.0,0.0
0.022423070664549294,0.11630357422521498,1.0,0.0,0.0
0.8530090567939576,0.5616256214138651,0.0,1.0,0.0
0.44727952540853455,0.48644298856498935,1.0,1.0,1.0
0.4557075705946978,0.9657934465332016,0.0,0.0,1.0
0.9772435597231685,0.16869590321311,0.0,1.0,0.0
0.34360260344711124,0.006713728015049325,1.0,0.0,0.0
0.6793424715590398,0.660853432821098,0.0,1.0,1.0
0.607956178620321,0.9935107949669676,0.0,0.0,1.0
0.6270501231294527,0.6348418199560711,1.0,1.0,1.0
0.6257003064410115,0.7045452336155555,0.0,1.0,1.0
0.82033179545813,0.721396785181785,0.0,1.0,1.0
0.9397592220737121,0.40572320807814244,0.0,1.0,0.0
0.34698909715387327,0.17726077395202922,1.0,0.0,0.0
0.10576500137800071,0.3048725675268069,1.0,0.0,0.0
0.9198601012736559,0.6011140005239314,0.0,1.0,0.0
0.3604910688599924,0.7297367248044567,1.0,0.0,1.0
0.5030233906755242,0.9693641459255138,0.0,0.0,1.0
0.8584347183441328,0.10011881455661076,0.0,1.0,0.0
0.9308632463798147,0.5802867457616008,0.0,1.0,0.0
0.09867649941157619,0.683216429159035,1.0,0.0,1.0
0.2133048063217845,0.4758145401446061,1.0,0.0,0.0
0.7171856350849735,0.4034573909687418,0.0,1.0,0.0
0.5286454225715048,0.11047889133468547,1.0,1.0,0.0
0.21266954046141662,0.3239898835939554,1.0,0.0,0.0
0.8947465711005572,0.9871884882643921,0.0,0.0,1.0
0.08425879071654618,0.9888317844500761,0.0,0.0,1.0
0.40097877964660045,0.8099609242934245,1.0,0.0,1.0
0.03403819132673558,0.8095511425876595,1.0,0.0,1.0
0.986870779636478,0.8199281095866805,0.0,1.0,1.0
0.3287384302718209,0.048219852647599204,1.0,0.0,0.0
0.9567557928624686,0.6966924721025728,0.0,1.0,0.0
0.9141477711462841,0.645024897915564,0.0,1.0,1.0
0.4381366230514899,0.9504399312588897,0.0,0.0,1.0
0.994431589153813,0.3977793032648166,0.0,1.0,0.0
0.824079806118538,0.3185636231321469,0.0,1.0,0.0
0.03308787842523908,0.523846457558925,1.0,0.0,0.0
0.8025957709755652,0.01884532991444199,0.0,1.0,0.0
0.5106810297742506,0.16200823989324853,1.0,1.0,0.0
0.2947387645235314,0.5347814367751077,1.0,0.0,1.0
0.9957644749035108,0.5268306512611918,0.0,1.0,0.0
0.30050986812920555,0.1913126731552991,1.0,0.0,0.0
0.4666480095104686,0.3916508168244368,1.0,1.0,0.0
0.5902415171296332,0.5968500850540948,1.0,1.0,1.0
0.05205678902161226,0.2974306368117343,1.0,0.0,0.0
0.5879555312582277,0.5290513110211048,1.0,1.0,1.0
0.8042106420001419,0.028785400544176887,0.0,1.0,0.0
0.3105684736004324,0.6166152771675658,1.0,0.0,1.0
0.4571703581412754,0.30624542516157016,1.0,1.0,0.0
0.09451725961344037,0.11292940180168776,1.0,0.0,0.0
0.485412084936919,0.756880634547394,1.0,1.0,1.0
0.6287344733643809,0.14750053686004072,1.0,1.0,0.0
0.8009829484334262,0.9459378801241631,0.0,0.0,1.0
0.9124314121997361,0.17259609105349272,0.0,1.0,0.0
0.7908812344989001,0.7088275647103247,0.0,1.0,1.0
0.42857991582518373,0.8702555797392632,0.0,0.0,1.0
0.9962331840693949,0.17625978370659623,0.0,1.0,0.0
0.3849827521407184,0.28459809274659853,1.0,1.0,0.0
0.019843976190246693,0.39262349235675964,1.0,0.0,0.0
0.07017787581694601,0.9755916697133833,0.0,0.0,1.0
0.15842806154807942,0.49006936418692904,1.0,0.0,0.0
0.5079778528664212,0.0011335453362292247,0.0,1.0,0.0
0.8774474320095682,0.9787752125444937,0.0,0.0,1.0
0.6106807964166664,0.9600243802640117,0.0,0.0,1.0
0.8591658956298978,0.16007032516681485,0.0,1.0,0.0
0.16786135371572297,0.3921744989771446,1.0,0.0,0.0
0.41318032269310045,0.7350709479064522,1.0,0.0,1.0
0.8044473982020686,0.684582488434194,0.0,1.0,1.0
0.09384901241189081,0.3791496467343993,1.0,0.0,0.0
0.9479194520058021,0.8566358723115773,0.0,1.0,1.0
0.2414962777398144,0.9932570113207811,0.0,0.0,1.0
0.1639864107131923,0.06588133357991144,1.0,0.0,0.0
0.5837450558269568,0.7352257040446488,0.0,1.0,1.0
0.5528269979955935,0.6439702399707001,1.0,1.0,1.0
0.5129112512682311,0.7999463851198163,0.0,1.0,1.0
0.48627850095882175,0.306805364869152,1.0,1.0,0.0
0.3470504409730033,0.5428723231006499,1.0,1.0,1.0
0.41789280228638537,0.8686612706105172,0.0,0.0,1.0
0.43697830851831576,0.2998930708571901,1.0,1.0,0.0
0.0833660758261302,0.3347971787785491,1.0,0.0,0.0
0.8878097373555734,0.24321059727384475,0.0,1.0,0.0
0.18034772373555852,0.5647684105064471,1.0,0.0,1.0
0.20831476952747452,0.8747834603162812,1.0,0.0,1.0
0.5826710884736692,0.4773647555920827,1.0,1.0,1.0
