174,19,7
-4.0,-1.0,0.007320774930809749,0.006944444444444444,-8.0,-3.0,0.0,0.0,0.14285714285714285,0.25,0.0,0.0,0.0,0.02,-2.0,-1.0,-1.0,-1.0,-1.0,1.0,0.0,0.0,0.0,1.0,0.0,0.0
-5.0,-1.0,0.4267922506919025,1.0,-7.0,-7.0,0.0,0.0,0.14285714285714285,0.0,0.0,0.0,0.0,0.1,-1.0,-1.0,-1.0,-1.0,-1.0,1.0,0.0,0.0,1.0,0.0,0.0,0.0
-4.0,-4.0,0.0460226765467369,0.001984126984126984,-8.0,-3.0,0.0,0.0,0.14285714285714285,0.0,0.0,0.0,0.0,0.02,-2.0,-1.0,-1.0,-1.0,-1.0,0.0,1.0,0.0,1.0,0.0,0.0,0.0
-3.0,-1.0,0.0,0.0,-6.0,-1.0,0.4,0.0,0.42857142857142855,0.0,0.0,0.0,0.0,0.0,-1.0,-1.0,-2.0,-1.0,-1.0,1.0,0.0,0.0,1.0,1.0,1.0,0.0
-3.0,-1.0,4.017498437639496E-4,9.92063492063492E-4,-6.0,-2.0,0.0,0.0,0.2857142857142857,0.0,0.0,0.0,0.0,0.0,-1.0,-1.0,-2.0,-2.0,-1.0,0.0,1.0,0.0,1.0,1.0,0.0,0.0
-2.0,-4.0,2.231943576466387E-4,9.92063492063492E-4,-1.0,-2.0,0.0,0.0,0.2857142857142857,0.0,0.0,0.0,0.0,0.0,-1.0,-2.0,-1.0,-1.0,-1.0,1.0,0.0,0.0,0.0,1.0,1.0,0.0
-4.0,-1.0,0.07856441389161682,0.002976190476190476,-8.0,-3.0,0.0,0.0,0.0,0.0,0.0,0.0,0.0,0.0,-1.0,-1.0,-1.0,-1.0,-1.0,0.0,1.0,0.0,0.0,0.0,0.0,0.0
-4.0,-2.0,0.04218373359521471,0.017857142857142856,-10.0,-6.0,0.0,0.0,0.42857142857142855,0.0,0.0,0.0,0.0,0.0,-1.0,-2.0,-1.0,-1.0,-1.0,0.0,1.0,1.0,1.0,0.0,1.0,0.0
-2.0,-4.0,0.009597357378805463,9.92063492063492E-4,-1.0,-5.0,0.0,0.0,0.5714285714285714,0.0,0.0,0.0,0.0,0.0,-1.0,-2.0,-1.0,-1.0,-1.0,1.0,1.0,0.0,1.0,1.0,1.0,0.0
-1.0,-4.0,0.0,0.0,-1.0,-2.0,0.0,0.0,0.5714285714285714,0.0,0.0,0.0,0.0,0.04,-1.0,-2.0,-1.0,-1.0,-1.0,1.0,1.0,0.0,1.0,1.0,1.0,0.0
-4.0,-1.0,0.02843496116418177,0.00496031746031746,-10.0,-3.0,0.0,0.0,0.14285714285714285,0.0,0.0,0.0,0.0,0.02,-1.0,-1.0,-1.0,-1.0,-1.0,0.0,0.0,1.0,0.0,1.0,0.0,0.0
-4.0,-1.0,0.005044192482814035,0.002976190476190476,-3.0,-6.0,0.0,0.0,0.14285714285714285,0.0,0.0,0.0,0.0,0.02,-1.0,-1.0,-1.0,-1.0,-1.0,1.0,1.0,0.0,0.0,0.0,0.0,0.0
-2.0,-3.0,0.012677439514329078,0.007936507936507936,-2.0,-1.0,0.0,0.21428571428571427,0.2857142857142857,0.0,0.0,0.0,0.0,0.0,-1.0,-1.0,-1.0,-1.0,-1.0,1.0,0.0,1.0,1.0,0.0,0.0,0.0
-3.0,-4.0,0.0031247210070529416,0.002976190476190476,-1.0,-1.0,0.6,0.0,0.2857142857142857,0.0,0.0,0.0,0.0,0.0,-1.0,-1.0,-1.0,-1.0,-1.0,0.0,1.0,0.0,0.0,1.0,0.0,1.0
-2.0,-3.0,0.01816802071243639,0.002976190476190476,-2.0,-1.0,0.0,0.21428571428571427,0.7142857142857143,0.25,0.0,0.0,0.0,0.02,-1.0,-1.0,-2.0,-2.0,-2.0,1.0,1.0,1.0,1.0,1.0,1.0,0.0
-6.0,-2.0,0.0013391661458798322,0.0,-1.0,-2.0,0.0,0.0,0.42857142857142855,0.0,0.0,0.0,0.0,0.1,-1.0,-2.0,-1.0,-1.0,-1.0,0.0,1.0,1.0,1.0,1.0,0.0,0.0
-3.0,-1.0,0.0018301937327024373,0.013888888888888888,-6.0,-2.0,0.0,0.21428571428571427,0.2857142857142857,0.0,0.0,0.0,0.0,0.0,-1.0,-1.0,-1.0,-1.0,-1.0,1.0,0.0,1.0,0.0,1.0,0.0,0.0
-5.0,-1.0,0.0029461655209356307,0.01488095238095238,-10.0,-4.0,0.4,0.0,0.42857142857142855,0.0,0.0,0.0,0.0,0.0,-1.0,-1.0,-2.0,-2.0,-1.0,0.0,1.0,0.0,1.0,0.0,0.0,1.0
-4.0,-2.0,0.0012498884028211766,0.003968253968253968,-10.0,-6.0,0.0,0.0,0.2857142857142857,0.25,0.0,1.0,0.0,0.06,-1.0,-1.0,-1.0,-1.0,-1.0,1.0,1.0,0.0,0.0,1.0,0.0,0.0
-1.0,-4.0,0.44531738237657353,0.023809523809523808,-1.0,-2.0,0.4,0.0,0.14285714285714285,0.0,0.0,0.0,0.0,0.0,-1.0,-1.0,-1.0,-2.0,-1.0,1.0,0.0,0.0,0.0,1.0,0.0,0.0
-4.0,-2.0,0.05566467279707169,0.006944444444444444,-10.0,-6.0,0.0,0.14285714285714285,0.2857142857142857,0.0,0.0,0.0,0.0,0.02,-1.0,-1.0,-2.0,-1.0,-1.0,1.0,0.0,0.0,1.0,0.0,1.0,0.0
-5.0,-1.0,4.463887152932774E-4,0.002976190476190476,-8.0,-3.0,0.0,0.14285714285714285,0.42857142857142855,0.0,0.0,0.0,0.0,0.0,-1.0,-1.0,-1.0,-2.0,-1.0,1.0,1.0,0.0,0.0,1.0,0.0,1.0
-1.0,-4.0,8.481385590572271E-4,0.0,-1.0,-2.0,0.0,0.21428571428571427,0.2857142857142857,0.0,0.0,0.0,0.0,0.0,-1.0,-2.0,-1.0,-1.0,-1.0,0.0,0.0,1.0,1.0,0.0,1.0,0.0
-1.0,-4.0,0.0,0.0,-1.0,-2.0,0.0,0.07142857142857142,0.5714285714285714,0.0,0.0,0.0,0.0,0.02,-1.0,-2.0,-1.0,-1.0,-1.0,1.0,0.0,1.0,1.0,1.0,1.0,0.0
-5.0,-1.0,0.0063833586286938665,0.08928571428571429,-6.0,-3.0,0.0,0.0,0.14285714285714285,0.25,0.0,0.0,0.0,0.0,-1.0,-1.0,-1.0,-1.0,-1.0,1.0,1.0,0.0,0.0,0.0,0.0,0.0
-4.0,-4.0,0.014418355503972859,0.006944444444444444,-3.0,-6.0,0.6,0.0,0.2857142857142857,0.0,0.0,0.0,0.0,0.0,-1.0,-1.0,-1.0,-1.0,-1.0,1.0,1.0,0.0,0.0,1.0,0.0,0.0
-3.0,-1.0,0.0012945272743505045,0.002976190476190476,-6.0,-7.0,0.0,0.0,0.2857142857142857,0.0,0.0,0.0,0.0,0.02,-1.0,-1.0,-1.0,-2.0,-1.0,1.0,0.0,0.0,1.0,0.0,1.0,0.0
-6.0,-2.0,4.463887152932774E-5,0.0,-10.0,-2.0,0.0,0.0,0.14285714285714285,0.0,0.5,0.0,0.25,0.0,-1.0,-1.0,-1.0,-1.0,-1.0,1.0,0.0,0.0,0.0,1.0,0.0,0.0
-4.0,-1.0,0.0,0.0,-6.0,-1.0,0.0,0.21428571428571427,0.42857142857142855,0.0,0.0,0.0,0.0,0.04,-1.0,-2.0,-1.0,-1.0,-1.0,1.0,1.0,0.0,1.0,0.0,1.0,0.0
-5.0,-1.0,4.463887152932774E-5,0.002976190476190476,-7.0,-4.0,0.0,0.14285714285714285,0.14285714285714285,0.0,0.0,0.0,0.0,0.1,-2.0,-1.0,-1.0,-1.0,-1.0,1.0,0.0,0.0,0.0,1.0,0.0,0.0
-6.0,-2.0,0.3432729220605303,0.01488095238095238,-1.0,-2.0,0.0,0.0,0.2857142857142857,0.0,0.5,1.0,0.25,0.12,-1.0,-1.0,-1.0,-1.0,-1.0,1.0,0.0,1.0,0.0,1.0,0.0,0.0
-4.0,-1.0,0.044683510400857065,0.04662698412698413,-8.0,-3.0,0.0,0.21428571428571427,0.42857142857142855,0.0,0.0,0.0,0.0,0.0,-1.0,-1.0,-1.0,-2.0,-2.0,1.0,0.0,0.0,1.0,1.0,1.0,0.0
-1.0,-4.0,0.005713775555753951,0.002976190476190476,-2.0,-1.0,0.0,0.21428571428571427,0.14285714285714285,0.0,0.0,0.0,0.0,0.0,-1.0,-1.0,-1.0,-1.0,-1.0,0.0,0.0,1.0,0.0,1.0,0.0,0.0
-4.0,-1.0,0.057316311043656816,0.003968253968253968,-3.0,-6.0,0.6,0.0,0.2857142857142857,0.0,0.0,0.0,0.0,0.0,-1.0,-1.0,-1.0,-1.0,-1.0,1.0,0.0,1.0,1.0,0.0,0.0,0.0
-1.0,-4.0,0.002276582447995715,0.001984126984126984,-2.0,-1.0,0.0,0.35714285714285715,0.2857142857142857,0.0,0.0,0.0,0.0,0.0,-1.0,-1.0,-1.0,-1.0,-1.0,1.0,0.0,1.0,0.0,1.0,0.0,0.0
-3.0,-1.0,0.005713775555753951,0.01488095238095238,-5.0,-7.0,0.0,0.0,0.2857142857142857,0.0,0.0,0.0,0.0,0.0,-1.0,-2.0,-1.0,-1.0,-1.0,1.0,0.0,1.0,0.0,1.0,0.0,0.0
-6.0,-3.0,0.0,0.0,-1.0,-2.0,0.0,0.0,0.42857142857142855,0.25,0.5,1.0,0.25,0.1,-1.0,-1.0,-1.0,-1.0,-1.0,1.0,0.0,1.0,1.0,1.0,0.0,0.0
-3.0,-1.0,0.0018301937327024373,0.005952380952380952,-4.0,-2.0,0.0,0.0,0.14285714285714285,0.0,0.5,0.0,0.0,0.0,-1.0,-1.0,-1.0,-1.0,-1.0,1.0,0.0,0.0,0.0,1.0,0.0,0.0
-3.0,-1.0,0.014462994375502186,0.003968253968253968,-6.0,-2.0,0.0,0.0,0.2857142857142857,0.0,0.5,0.0,0.0,0.0,-1.0,-1.0,-1.0,-1.0,-1.0,1.0,0.0,1.0,0.0,1.0,0.0,0.0
-2.0,-4.0,0.0033925542362289083,0.001984126984126984,-2.0,-1.0,0.0,0.0,0.2857142857142857,0.0,0.0,0.0,1.0,0.04,-1.0,-1.0,-1.0,-1.0,-1.0,1.0,0.0,1.0,0.0,1.0,0.0,0.0
-6.0,-2.0,0.011963217569859835,0.001984126984126984,-1.0,-2.0,0.0,0.0,0.2857142857142857,0.0,0.5,1.0,0.25,0.08,-1.0,-1.0,-1.0,-1.0,-1.0,1.0,0.0,1.0,0.0,1.0,0.0,0.0
-3.0,-1.0,0.0048209981251673955,0.016865079365079364,-4.0,-7.0,0.0,0.21428571428571427,0.2857142857142857,0.0,0.0,0.0,0.0,0.0,-1.0,-1.0,-2.0,-1.0,-1.0,1.0,0.0,0.0,1.0,0.0,1.0,0.0
-1.0,-4.0,0.0,0.0,-1.0,-2.0,0.0,0.0,0.42857142857142855,0.0,0.0,0.0,0.0,0.0,-1.0,-2.0,-1.0,-1.0,-1.0,0.0,0.0,1.0,1.0,1.0,1.0,0.0
-4.0,-4.0,0.0553522006963664,0.006944444444444444,-3.0,-3.0,0.6,0.0,0.2857142857142857,0.0,0.0,0.0,0.0,0.0,-1.0,-1.0,-1.0,-1.0,-1.0,1.0,1.0,0.0,1.0,0.0,0.0,0.0
-5.0,-1.0,0.0,0.0,-10.0,-3.0,0.0,0.0,0.2857142857142857,0.0,0.0,0.0,0.0,0.0,-2.0,-1.0,-1.0,-1.0,-1.0,1.0,1.0,0.0,0.0,1.0,0.0,0.0
-3.0,-1.0,1.3391661458798322E-4,0.0,-4.0,-1.0,0.0,0.21428571428571427,0.2857142857142857,0.0,0.0,0.0,0.0,0.0,-1.0,-1.0,-1.0,-1.0,-1.0,1.0,0.0,1.0,0.0,1.0,0.0,0.0
-4.0,-1.0,0.10659762521203464,0.01984126984126984,-8.0,-3.0,0.4,0.0,0.2857142857142857,0.0,0.0,0.0,0.0,0.02,-2.0,-1.0,-1.0,-1.0,-1.0,1.0,1.0,0.0,0.0,1.0,0.0,0.0
-4.0,-2.0,7.588608159985715E-4,9.92063492063492E-4,-10.0,-2.0,0.0,0.35714285714285715,0.8571428571428571,0.0,0.0,0.0,0.0,0.0,-1.0,-1.0,-2.0,-1.0,-1.0,1.0,0.0,1.0,1.0,1.0,1.0,1.0
-2.0,-3.0,0.057360949915186143,0.013888888888888888,-2.0,-1.0,0.6,0.0,0.14285714285714285,0.0,0.0,0.0,0.0,0.0,-1.0,-1.0,-1.0,-1.0,-1.0,1.0,0.0,0.0,0.0,1.0,0.0,0.0
-1.0,-4.0,0.00513347022587269,0.00992063492063492,-2.0,-7.0,0.0,0.35714285714285715,0.2857142857142857,0.0,0.0,0.0,0.0,0.02,-1.0,-2.0,-1.0,-1.0,-1.0,1.0,0.0,1.0,0.0,1.0,0.0,0.0
-3.0,-1.0,0.0019194714757610927,0.00496031746031746,-6.0,-2.0,0.0,0.0,0.14285714285714285,0.0,0.5,0.0,0.0,0.0,-1.0,-1.0,-1.0,-1.0,-1.0,1.0,0.0,0.0,0.0,1.0,0.0,0.0
-1.0,-4.0,0.0,0.0,-6.0,-2.0,0.0,0.07142857142857142,0.2857142857142857,0.0,0.0,0.0,0.0,0.12,-1.0,-1.0,-1.0,-1.0,-1.0,1.0,0.0,1.0,0.0,1.0,0.0,0.0
-2.0,-4.0,0.0028122489063476474,0.0,-6.0,-2.0,0.0,0.35714285714285715,0.42857142857142855,0.0,0.0,0.0,0.0,0.02,-1.0,-1.0,-1.0,-1.0,-1.0,1.0,1.0,0.0,1.0,1.0,0.0,0.0
-4.0,-2.0,0.005267386840460673,0.005952380952380952,-10.0,-6.0,0.0,0.21428571428571427,0.2857142857142857,0.0,0.0,0.0,0.0,0.02,-1.0,-1.0,-1.0,-1.0,-1.0,1.0,1.0,0.0,0.0,0.0,1.0,0.0
-1.0,-4.0,0.0,0.0,-1.0,-2.0,0.0,0.0,0.7142857142857143,0.0,0.0,0.0,0.0,0.0,-1.0,-1.0,-2.0,-2.0,-2.0,1.0,1.0,1.0,1.0,1.0,0.0,0.0
-1.0,-4.0,0.001026694045174538,0.0,-1.0,-2.0,0.0,0.14285714285714285,1.0,0.25,0.0,0.0,0.0,0.0,-1.0,-1.0,-2.0,-2.0,-2.0,1.0,1.0,1.0,1.0,1.0,1.0,1.0
-4.0,-2.0,0.026203017587715382,0.008928571428571428,-10.0,-2.0,0.2,0.14285714285714285,0.2857142857142857,0.0,0.0,0.0,0.0,0.0,-1.0,-1.0,-1.0,-1.0,-1.0,1.0,1.0,0.0,0.0,1.0,0.0,0.0
-4.0,-2.0,0.011963217569859835,9.92063492063492E-4,-10.0,-6.0,0.0,0.21428571428571427,0.2857142857142857,0.0,0.0,0.0,0.0,0.0,-1.0,-1.0,-1.0,-1.0,-1.0,0.0,1.0,1.0,1.0,0.0,0.0,0.0
-4.0,-1.0,0.021158825104901347,0.007936507936507936,-3.0,-2.0,0.6,0.0,0.2857142857142857,0.0,0.0,0.0,0.0,0.02,-1.0,-1.0,-1.0,-1.0,-1.0,1.0,1.0,0.0,1.0,0.0,0.0,0.0
-5.0,-1.0,0.09597357378805464,0.008928571428571428,-8.0,-3.0,0.0,0.0,0.14285714285714285,0.0,0.0,0.0,0.0,0.0,-1.0,-1.0,-2.0,-1.0,-2.0,0.0,1.0,0.0,0.0,1.0,0.0,0.0
-5.0,-1.0,0.07356486028033211,0.03869047619047619,-6.0,-3.0,0.0,0.21428571428571427,0.2857142857142857,0.0,0.0,0.0,0.0,0.0,-1.0,-1.0,-2.0,-1.0,-2.0,1.0,1.0,0.0,0.0,1.0,0.0,0.0
-4.0,-4.0,4.463887152932774E-4,9.92063492063492E-4,-1.0,-6.0,0.0,0.35714285714285715,0.42857142857142855,0.0,0.0,0.0,0.0,0.0,-1.0,-1.0,-1.0,-1.0,-1.0,1.0,1.0,1.0,0.0,1.0,0.0,0.0
-5.0,-1.0,0.004419248281403446,0.03869047619047619,-10.0,-8.0,0.0,0.0,0.42857142857142855,0.25,0.0,0.0,0.0,0.0,-1.0,-1.0,-2.0,-1.0,-1.0,1.0,0.0,1.0,0.0,1.0,1.0,0.0
-3.0,-1.0,0.0058923310418712615,0.00992063492063492,-6.0,-2.0,0.0,0.6428571428571429,0.14285714285714285,0.0,0.5,0.0,0.25,0.0,-1.0,-1.0,-1.0,-1.0,-1.0,0.0,0.0,1.0,0.0,1.0,0.0,0.0
-6.0,-2.0,0.0,0.0,-1.0,-2.0,0.0,0.0,0.5714285714285714,0.0,0.5,1.0,0.25,0.18,-1.0,-1.0,-1.0,-1.0,-1.0,1.0,0.0,1.0,1.0,1.0,0.0,0.0
-5.0,-1.0,0.0020980269618784035,9.92063492063492E-4,-10.0,-4.0,0.0,0.0,0.42857142857142855,1.0,0.0,0.0,0.0,0.0,-1.0,-1.0,-1.0,-2.0,-1.0,1.0,0.0,0.0,0.0,1.0,1.0,1.0
-4.0,-1.0,0.0012498884028211766,0.0,-10.0,-6.0,0.0,0.21428571428571427,0.42857142857142855,0.0,0.0,0.0,0.0,0.0,-1.0,-2.0,-1.0,-1.0,-1.0,1.0,1.0,1.0,0.0,1.0,0.0,0.0
-2.0,-4.0,0.0407106508347469,0.01488095238095238,-2.0,-1.0,0.0,0.21428571428571427,0.8571428571428571,0.0,0.0,0.0,0.0,0.14,-1.0,-1.0,-2.0,-2.0,-1.0,1.0,1.0,1.0,1.0,1.0,1.0,1.0
-5.0,-1.0,0.0016069993750557985,0.017857142857142856,-7.0,-4.0,0.0,0.0,0.2857142857142857,0.25,0.0,0.0,0.25,0.02,-1.0,-1.0,-1.0,-1.0,-1.0,1.0,0.0,1.0,0.0,1.0,0.0,0.0
-1.0,-4.0,0.0,0.0,-1.0,-2.0,0.0,0.0,0.7142857142857143,0.25,0.5,1.0,0.25,0.08,-1.0,-1.0,-2.0,-2.0,-2.0,1.0,1.0,1.0,1.0,1.0,0.0,1.0
-4.0,-1.0,0.0545487010088385,0.030753968253968252,-10.0,-2.0,0.0,0.21428571428571427,0.2857142857142857,0.0,0.0,0.0,0.0,0.0,-1.0,-1.0,-1.0,-1.0,-1.0,1.0,1.0,0.0,1.0,0.0,0.0,0.0
-3.0,-1.0,0.013971966788679582,0.03571428571428571,-5.0,-7.0,0.0,0.14285714285714285,0.14285714285714285,0.0,0.0,0.0,0.0,0.0,-1.0,-1.0,-1.0,-1.0,-1.0,1.0,0.0,0.0,0.0,1.0,0.0,0.0
-6.0,-3.0,1.3391661458798322E-4,0.0,-1.0,-2.0,0.0,0.0,0.2857142857142857,0.0,0.0,0.0,0.25,0.1,-1.0,-1.0,-1.0,-1.0,-1.0,1.0,0.0,1.0,0.0,1.0,0.0,0.0
-2.0,-3.0,0.007945719132220338,0.002976190476190476,-2.0,-1.0,0.0,0.6428571428571429,0.2857142857142857,0.0,0.0,0.0,0.25,0.02,-1.0,-1.0,-1.0,-1.0,-1.0,0.0,0.0,1.0,1.0,1.0,0.0,0.0
-5.0,-1.0,0.01660566020890992,0.11706349206349206,-9.0,-8.0,0.0,0.0,0.14285714285714285,0.25,0.0,0.0,0.0,0.02,-1.0,-1.0,-1.0,-1.0,-1.0,1.0,0.0,0.0,0.0,1.0,0.0,0.0
-3.0,-1.0,0.011427551111507901,0.021825396825396824,-6.0,-7.0,0.0,0.21428571428571427,0.42857142857142855,0.0,0.0,0.0,0.0,0.02,-1.0,-1.0,-1.0,-1.0,-1.0,1.0,0.0,1.0,1.0,1.0,0.0,0.0
-4.0,-2.0,0.017453798767967144,0.007936507936507936,-10.0,-6.0,0.0,0.5,0.5714285714285714,0.0,0.0,0.0,0.0,0.02,-1.0,-2.0,-2.0,-2.0,-1.0,1.0,1.0,0.0,1.0,1.0,1.0,0.0
-6.0,-3.0,0.0,0.0,-1.0,-2.0,0.0,0.0,0.5714285714285714,0.0,0.0,0.0,0.0,0.0,-1.0,-2.0,-2.0,-2.0,-1.0,1.0,0.0,1.0,1.0,1.0,0.0,1.0
-4.0,-1.0,0.05655745022765824,0.00496031746031746,-3.0,-3.0,0.0,0.21428571428571427,0.2857142857142857,0.25,0.0,0.0,0.0,0.0,-1.0,-1.0,-1.0,-1.0,-1.0,0.0,1.0,0.0,0.0,1.0,0.0,1.0
-4.0,-4.0,0.0122310507990358,0.006944444444444444,-3.0,-6.0,0.0,0.14285714285714285,0.2857142857142857,0.0,0.0,0.0,0.0,0.02,-1.0,-1.0,-1.0,-1.0,-1.0,1.0,1.0,0.0,1.0,0.0,0.0,0.0
-4.0,-2.0,0.026783322917596643,9.92063492063492E-4,-10.0,-6.0,0.0,0.35714285714285715,0.2857142857142857,0.0,0.0,0.0,0.0,0.0,-1.0,-1.0,-1.0,-1.0,-1.0,0.0,0.0,1.0,0.0,1.0,1.0,0.0
-4.0,-1.0,0.002544415677171681,0.001984126984126984,-3.0,-8.0,0.0,0.35714285714285715,0.42857142857142855,0.0,0.0,0.0,0.25,0.02,-1.0,-1.0,-1.0,-1.0,-1.0,1.0,1.0,0.0,1.0,1.0,0.0,0.0
-4.0,-2.0,0.033613070261583784,0.005952380952380952,-10.0,-6.0,0.6,0.0,0.42857142857142855,0.0,0.0,0.0,0.0,0.0,-1.0,-1.0,-1.0,-2.0,-1.0,1.0,1.0,0.0,0.0,0.0,1.0,1.0
-3.0,-1.0,0.0,0.0,-10.0,-1.0,0.4,0.0,0.2857142857142857,0.0,0.5,0.0,0.0,0.0,-1.0,-1.0,-2.0,-1.0,-1.0,1.0,0.0,0.0,0.0,1.0,1.0,0.0
-2.0,-4.0,0.050843674671904295,0.027777777777777776,-2.0,-1.0,0.0,0.21428571428571427,0.2857142857142857,0.0,0.0,0.0,0.0,0.0,-1.0,-1.0,-1.0,-1.0,-1.0,1.0,0.0,1.0,1.0,0.0,0.0,0.0
-5.0,-1.0,9.374163021158825E-4,0.003968253968253968,-10.0,-8.0,0.0,0.14285714285714285,0.14285714285714285,0.0,0.0,0.0,0.0,0.02,-1.0,-1.0,-1.0,-1.0,-1.0,0.0,0.0,1.0,0.0,1.0,0.0,0.0
-6.0,-2.0,0.08499241139184001,0.15575396825396826,-10.0,-3.0,0.0,0.14285714285714285,0.14285714285714285,0.0,0.0,0.0,0.0,0.0,-1.0,-1.0,-1.0,-1.0,-1.0,1.0,0.0,0.0,0.0,1.0,0.0,0.0
-2.0,-3.0,0.0337916257477011,0.010912698412698412,-2.0,-1.0,0.0,0.14285714285714285,0.2857142857142857,0.0,0.0,0.0,0.25,0.02,-1.0,-1.0,-1.0,-1.0,-1.0,1.0,0.0,1.0,0.0,1.0,0.0,0.0
-1.0,-4.0,0.0,0.0,-1.0,-2.0,0.0,0.0,0.7142857142857143,0.25,0.5,1.0,0.25,0.0,-1.0,-1.0,-2.0,-2.0,-1.0,1.0,1.0,1.0,1.0,1.0,1.0,0.0
-5.0,-1.0,0.010534773680921346,0.002976190476190476,-10.0,-7.0,0.0,0.21428571428571427,0.2857142857142857,0.25,0.0,0.0,0.0,0.0,-1.0,-1.0,-1.0,-1.0,-1.0,1.0,0.0,1.0,0.0,1.0,0.0,0.0
-5.0,-1.0,2.6783322917596643E-4,0.0,-10.0,-3.0,0.0,0.0,0.42857142857142855,0.0,0.0,0.0,0.0,0.0,-1.0,-2.0,-2.0,-2.0,-2.0,1.0,0.0,0.0,1.0,1.0,1.0,0.0
-6.0,-1.0,0.0,0.0,-10.0,-2.0,0.0,0.0,0.2857142857142857,0.0,0.0,0.0,0.0,0.02,-1.0,-1.0,-2.0,-1.0,-1.0,0.0,0.0,1.0,0.0,1.0,0.0,0.0
-4.0,-4.0,0.019953575573609498,0.01984126984126984,-8.0,-3.0,0.0,0.0,0.14285714285714285,0.0,0.0,0.0,0.0,0.02,-1.0,-1.0,-1.0,-1.0,-1.0,1.0,1.0,0.0,0.0,0.0,0.0,0.0
-2.0,-3.0,0.3799660744576377,0.11805555555555555,-6.0,-1.0,0.0,0.0,0.42857142857142855,0.25,0.0,0.0,0.0,0.44,-1.0,-1.0,-1.0,-1.0,-2.0,0.0,1.0,1.0,1.0,1.0,0.0,0.0
-3.0,-1.0,0.013436300330327649,0.05654761904761905,-6.0,-1.0,0.6,0.0,0.2857142857142857,0.0,0.0,0.0,0.0,0.0,-1.0,-1.0,-1.0,-1.0,-1.0,1.0,1.0,0.0,0.0,1.0,0.0,0.0
-5.0,-1.0,0.005401303455048656,0.017857142857142856,-10.0,-7.0,0.0,0.35714285714285715,0.2857142857142857,0.25,0.0,0.0,0.0,0.02,-1.0,-1.0,-1.0,-1.0,-1.0,1.0,0.0,1.0,0.0,1.0,0.0,0.0
-5.0,-1.0,0.14587983215784306,0.6785714285714286,-6.0,-5.0,0.0,0.21428571428571427,0.42857142857142855,0.25,0.0,0.0,0.0,0.0,-1.0,-1.0,-2.0,-1.0,-1.0,0.0,1.0,1.0,0.0,1.0,0.0,1.0
-3.0,-4.0,0.004106776180698152,0.00992063492063492,-6.0,-1.0,0.0,0.0,0.5714285714285714,0.25,0.0,0.0,0.0,0.0,-1.0,-1.0,-2.0,-1.0,-1.0,1.0,1.0,1.0,1.0,1.0,0.0,0.0
-6.0,-1.0,4.463887152932774E-5,0.0,-10.0,-2.0,0.0,0.0,0.14285714285714285,0.0,0.0,0.0,0.0,0.08,-1.0,-1.0,-1.0,-1.0,-1.0,0.0,0.0,1.0,0.0,1.0,0.0,0.0
-4.0,-4.0,0.003213998750111597,0.002976190476190476,-1.0,-6.0,0.0,0.21428571428571427,0.2857142857142857,0.0,0.0,0.0,0.0,0.0,-1.0,-1.0,-1.0,-1.0,-1.0,0.0,1.0,1.0,0.0,1.0,0.0,0.0
-1.0,-4.0,0.0,0.0,-1.0,-2.0,0.0,0.0,0.7142857142857143,0.25,0.0,0.0,0.0,0.2,-1.0,-1.0,-1.0,-2.0,-1.0,1.0,1.0,1.0,1.0,1.0,1.0,0.0
-4.0,-3.0,0.0,0.0,-1.0,-2.0,0.0,0.0,0.8571428571428571,0.0,0.5,1.0,0.25,0.0,-1.0,-1.0,-2.0,-1.0,-1.0,1.0,1.0,1.0,1.0,1.0,0.0,1.0
-1.0,-4.0,0.08807249352736363,0.0763888888888889,-2.0,-1.0,0.6,0.0,0.42857142857142855,0.0,0.0,0.0,0.0,0.0,-1.0,-1.0,-1.0,-2.0,-1.0,1.0,1.0,0.0,0.0,1.0,0.0,1.0
-3.0,-1.0,0.00138380501740916,0.00992063492063492,-6.0,-1.0,0.6,0.0,0.2857142857142857,0.0,0.0,0.0,0.0,0.0,-1.0,-1.0,-1.0,-1.0,-1.0,1.0,0.0,0.0,1.0,0.0,1.0,0.0
-4.0,-2.0,0.034952236407463616,0.011904761904761904,-10.0,-6.0,0.0,0.35714285714285715,0.5714285714285714,0.0,0.0,0.0,0.0,0.02,-1.0,-2.0,-2.0,-1.0,-1.0,1.0,1.0,0.0,1.0,1.0,1.0,0.0
-1.0,-4.0,0.004999553611284706,0.003968253968253968,-2.0,-1.0,0.0,0.21428571428571427,0.14285714285714285,0.0,0.0,0.0,0.0,0.1,-1.0,-1.0,-1.0,-1.0,-1.0,0.0,0.0,1.0,0.0,1.0,0.0,0.0
-5.0,-1.0,0.009463440764217481,9.92063492063492E-4,-8.0,-3.0,0.0,0.14285714285714285,0.2857142857142857,0.0,0.0,0.0,0.0,0.0,-1.0,-1.0,-2.0,-1.0,-1.0,1.0,1.0,0.0,0.0,1.0,0.0,0.0
-4.0,-2.0,0.0013391661458798322,9.92063492063492E-4,-10.0,-6.0,0.4,0.0,0.42857142857142855,0.0,0.0,0.0,0.0,0.0,-1.0,-1.0,-2.0,-1.0,-1.0,1.0,1.0,1.0,0.0,1.0,0.0,0.0
-4.0,-1.0,9.820551736452103E-4,0.0,-3.0,-3.0,0.0,0.0,0.42857142857142855,0.0,0.0,0.0,0.0,0.02,-1.0,-2.0,-1.0,-1.0,-1.0,1.0,1.0,1.0,0.0,1.0,0.0,0.0
-3.0,-4.0,0.004597803767520757,0.0,-6.0,-2.0,0.0,0.0,0.2857142857142857,0.0,0.5,0.0,0.0,0.0,-1.0,-1.0,-1.0,-1.0,-1.0,1.0,0.0,1.0,0.0,1.0,0.0,0.0
-1.0,-4.0,0.0021873047049370594,0.005952380952380952,-2.0,-1.0,0.0,0.0,0.2857142857142857,0.0,0.5,0.0,0.0,0.0,-1.0,-1.0,-1.0,-1.0,-1.0,1.0,0.0,1.0,0.0,1.0,0.0,0.0
-1.0,-4.0,0.09713418444781716,0.0,-6.0,-2.0,0.0,0.0,0.14285714285714285,0.25,0.0,0.0,0.0,0.0,-1.0,-1.0,-1.0,-1.0,-1.0,1.0,0.0,0.0,0.0,1.0,0.0,0.0
-5.0,-1.0,0.004374609409874119,0.001984126984126984,-8.0,-3.0,0.0,0.21428571428571427,0.42857142857142855,0.0,0.0,0.0,0.0,0.02,-1.0,-2.0,-1.0,-1.0,-1.0,1.0,1.0,0.0,0.0,1.0,1.0,0.0
-1.0,-4.0,4.910275868226052E-4,0.001984126984126984,-1.0,-2.0,0.0,0.0,0.2857142857142857,0.0,0.0,1.0,0.0,0.0,-1.0,-2.0,-1.0,-1.0,-1.0,0.0,1.0,0.0,1.0,0.0,1.0,0.0
-2.0,-3.0,0.04905811981073119,0.005952380952380952,-2.0,-1.0,0.0,0.21428571428571427,0.2857142857142857,0.0,0.0,0.0,0.0,0.0,-1.0,-1.0,-1.0,-1.0,-1.0,1.0,1.0,0.0,1.0,0.0,0.0,0.0
-3.0,-1.0,0.00415141505222748,0.010912698412698412,-9.0,-7.0,0.0,0.21428571428571427,0.2857142857142857,0.0,0.0,0.0,0.0,0.0,-1.0,-1.0,-1.0,-1.0,-1.0,1.0,1.0,0.0,0.0,1.0,0.0,0.0
-1.0,-4.0,0.0,0.0,-1.0,-2.0,0.0,0.0,0.7142857142857143,0.0,0.5,1.0,0.25,0.0,-1.0,-1.0,-2.0,-2.0,-1.0,1.0,1.0,1.0,1.0,1.0,0.0,1.0
-5.0,-1.0,0.006249442014105883,0.015873015873015872,-10.0,-5.0,0.0,0.0,0.2857142857142857,0.0,0.0,0.0,0.0,0.04,-2.0,-1.0,-1.0,-1.0,-1.0,0.0,0.0,1.0,0.0,1.0,0.0,1.0
-4.0,-1.0,0.026024462101598072,0.016865079365079364,-10.0,-6.0,0.0,0.35714285714285715,0.42857142857142855,0.25,0.0,0.0,0.0,0.0,-1.0,-1.0,-2.0,-1.0,-1.0,1.0,1.0,0.0,0.0,1.0,1.0,0.0
-6.0,-3.0,1.7855548611731096E-4,0.0,-3.0,-1.0,0.0,0.21428571428571427,0.5714285714285714,0.25,0.0,0.0,0.0,0.02,-1.0,-1.0,-2.0,-1.0,-1.0,1.0,0.0,1.0,1.0,1.0,1.0,0.0
-3.0,-1.0,0.0,0.0,-3.0,-1.0,0.0,0.14285714285714285,0.14285714285714285,0.0,0.0,0.0,0.0,0.0,-1.0,-1.0,-1.0,-1.0,-1.0,1.0,0.0,0.0,0.0,1.0,0.0,0.0
-6.0,-1.0,0.0,0.0,-1.0,-2.0,0.0,0.0,0.8571428571428571,0.0,0.0,0.0,0.0,0.0,-1.0,-1.0,-2.0,-2.0,-2.0,1.0,1.0,1.0,1.0,1.0,0.0,1.0
-5.0,-1.0,4.463887152932774E-5,0.00496031746031746,-7.0,-4.0,0.0,0.0,0.7142857142857143,0.25,0.5,1.0,0.25,0.0,-1.0,-1.0,-2.0,-2.0,-2.0,1.0,1.0,1.0,1.0,1.0,0.0,1.0
-4.0,-4.0,0.010981162396214625,0.005952380952380952,-3.0,-3.0,0.6,0.0,0.2857142857142857,0.0,0.0,0.0,0.0,0.0,-1.0,-1.0,-1.0,-1.0,-1.0,1.0,1.0,0.0,1.0,0.0,0.0,0.0
-5.0,-1.0,0.012855995000446388,0.001984126984126984,-8.0,-3.0,0.0,0.21428571428571427,0.42857142857142855,0.0,0.0,0.0,0.0,0.02,-1.0,-2.0,-1.0,-1.0,-1.0,1.0,0.0,1.0,0.0,1.0,1.0,0.0
-5.0,-1.0,0.019417909115257568,0.013888888888888888,-8.0,-3.0,0.0,0.21428571428571427,0.42857142857142855,0.0,0.0,0.0,0.0,0.06,-1.0,-1.0,-1.0,-1.0,-1.0,1.0,1.0,0.0,0.0,1.0,1.0,0.0
-4.0,-2.0,8.927774305865548E-5,0.0,-3.0,-3.0,0.0,0.0,0.14285714285714285,0.0,0.0,0.0,0.0,0.08,-2.0,-1.0,-1.0,-1.0,-1.0,0.0,1.0,0.0,0.0,1.0,0.0,0.0
-5.0,-1.0,0.06990447281492723,0.001984126984126984,-10.0,-7.0,0.6,0.0,0.2857142857142857,0.5,0.0,0.0,0.0,0.02,-2.0,-2.0,-2.0,-1.0,-1.0,1.0,0.0,1.0,1.0,0.0,0.0,0.0
-5.0,-1.0,4.910275868226052E-4,0.0,-8.0,-3.0,0.0,0.0,0.14285714285714285,0.0,0.0,0.0,0.0,0.0,-1.0,-1.0,-1.0,-1.0,-1.0,0.0,0.0,0.0,0.0,1.0,0.0,1.0
-3.0,-4.0,0.0,0.0,-1.0,-2.0,0.0,0.07142857142857142,0.2857142857142857,0.0,0.0,0.0,0.0,0.0,-1.0,-1.0,-2.0,-1.0,-1.0,1.0,0.0,0.0,1.0,1.0,0.0,0.0
-5.0,-1.0,0.03486295866440496,0.044642857142857144,-9.0,-3.0,0.0,0.0,0.14285714285714285,0.0,0.0,0.0,0.0,0.02,-2.0,-1.0,-1.0,-1.0,-1.0,1.0,0.0,0.0,0.0,1.0,0.0,0.0
-4.0,-2.0,8.927774305865548E-5,9.92063492063492E-4,-1.0,-5.0,0.0,0.2857142857142857,0.42857142857142855,0.0,0.0,0.0,0.0,0.0,-1.0,-1.0,-1.0,-1.0,-1.0,1.0,1.0,1.0,1.0,0.0,0.0,0.0
-2.0,-4.0,0.004062137309168825,0.0,-3.0,-1.0,0.6,0.0,0.2857142857142857,0.0,0.0,0.0,0.0,0.0,-1.0,-1.0,-1.0,-1.0,-1.0,1.0,0.0,1.0,0.0,1.0,0.0,0.0
-6.0,-2.0,0.0,0.0,-10.0,-2.0,0.0,0.21428571428571427,0.2857142857142857,0.0,0.0,0.0,0.0,0.02,-1.0,-1.0,-1.0,-1.0,-1.0,0.0,0.0,1.0,1.0,1.0,0.0,0.0
-1.0,-4.0,0.0,0.0,-1.0,-2.0,1.0,0.0,0.42857142857142855,0.0,0.0,0.0,0.0,0.0,-1.0,-1.0,-2.0,-2.0,-2.0,0.0,1.0,1.0,1.0,1.0,0.0,0.0
-5.0,-1.0,0.030265154896884208,0.034722222222222224,-10.0,-4.0,0.0,0.0,0.2857142857142857,0.0,0.0,0.0,0.25,0.28,-1.0,-1.0,-2.0,-2.0,-1.0,1.0,0.0,1.0,0.0,1.0,0.0,0.0
-6.0,-1.0,0.0,0.0,-1.0,-2.0,0.0,0.0,0.42857142857142855,0.0,0.0,0.0,0.0,0.02,-1.0,-1.0,-2.0,-2.0,-1.0,1.0,0.0,1.0,1.0,1.0,0.0,0.0
-5.0,-1.0,0.014864744219266137,0.012896825396825396,-10.0,-3.0,0.0,1.0,0.42857142857142855,0.0,0.0,0.0,0.25,0.02,-2.0,-1.0,-1.0,-1.0,-1.0,1.0,0.0,1.0,1.0,1.0,0.0,0.0
-3.0,-1.0,0.0,0.0,-4.0,-1.0,0.0,0.14285714285714285,0.2857142857142857,0.0,0.0,0.0,0.0,0.0,-1.0,-1.0,-2.0,-1.0,-1.0,1.0,0.0,1.0,1.0,0.0,0.0,0.0
-3.0,-4.0,4.463887152932774E-5,0.0,-6.0,-2.0,0.0,0.0,0.2857142857142857,0.0,0.5,0.0,0.0,0.0,-1.0,-1.0,-1.0,-1.0,-1.0,1.0,0.0,1.0,0.0,1.0,0.0,0.0
-4.0,-1.0,0.010534773680921346,0.012896825396825396,-10.0,-6.0,0.0,0.42857142857142855,0.5714285714285714,0.25,0.0,0.0,0.0,0.0,-1.0,-1.0,-1.0,-2.0,-1.0,1.0,0.0,0.0,1.0,1.0,1.0,0.0
-3.0,-1.0,0.004954914739755379,0.008928571428571428,-5.0,-7.0,0.0,0.21428571428571427,0.5714285714285714,0.0,0.0,0.0,0.0,0.02,-1.0,-1.0,-2.0,-2.0,-1.0,1.0,1.0,1.0,1.0,1.0,0.0,0.0
-3.0,-1.0,0.02441746272654227,0.05357142857142857,-3.0,-1.0,0.6,0.0,0.2857142857142857,0.0,0.0,0.0,0.0,0.0,-1.0,-1.0,-1.0,-1.0,-1.0,1.0,0.0,1.0,0.0,1.0,0.0,0.0
-2.0,-3.0,0.12396214623694313,0.027777777777777776,-2.0,-1.0,0.0,0.21428571428571427,0.14285714285714285,0.0,0.0,0.0,0.0,0.0,-1.0,-1.0,-1.0,-1.0,-1.0,0.0,0.0,1.0,0.0,1.0,0.0,0.0
-1.0,-4.0,9.374163021158825E-4,0.00496031746031746,-2.0,-1.0,0.0,0.21428571428571427,0.14285714285714285,0.0,0.0,0.0,0.0,0.0,-1.0,-1.0,-1.0,-1.0,-1.0,0.0,0.0,1.0,0.0,1.0,0.0,0.0
-6.0,-2.0,8.034996875278992E-4,9.92063492063492E-4,-1.0,-2.0,0.0,0.0,0.8571428571428571,0.0,1.0,1.0,0.25,0.0,-1.0,-1.0,-2.0,-2.0,-1.0,1.0,1.0,1.0,1.0,1.0,0.0,1.0
-3.0,-1.0,0.015043299705383447,0.00496031746031746,-9.0,-2.0,0.0,0.0,0.14285714285714285,0.0,0.5,0.0,0.0,0.0,-1.0,-1.0,-1.0,-1.0,-1.0,0.0,0.0,1.0,0.0,1.0,0.0,0.0
-1.0,-4.0,0.0012498884028211766,0.005952380952380952,-3.0,-1.0,0.4,0.0,0.14285714285714285,0.0,0.0,0.0,0.0,0.0,-1.0,-1.0,-1.0,-1.0,-1.0,1.0,0.0,0.0,0.0,0.0,1.0,0.0
-4.0,-4.0,1.7855548611731096E-4,0.0,-6.0,-1.0,0.2,0.14285714285714285,0.5714285714285714,0.0,0.0,0.0,0.0,0.02,-1.0,-1.0,-1.0,-2.0,-1.0,1.0,1.0,0.0,1.0,0.0,1.0,1.0
-3.0,-1.0,0.0,0.0,-6.0,-1.0,0.6,0.0,0.2857142857142857,0.0,0.0,0.0,0.0,0.0,-1.0,-1.0,-1.0,-1.0,-1.0,1.0,0.0,1.0,1.0,0.0,0.0,0.0
-5.0,-1.0,0.022944379966074457,0.04861111111111111,-10.0,-4.0,0.0,0.35714285714285715,0.2857142857142857,0.0,0.0,0.0,0.0,0.0,-1.0,-1.0,-1.0,-1.0,-1.0,1.0,0.0,1.0,0.0,1.0,0.0,0.0
-1.0,-4.0,0.0,0.0,-1.0,-2.0,0.0,0.07142857142857142,0.2857142857142857,0.0,0.0,0.0,0.0,0.0,-1.0,-1.0,-1.0,-2.0,-1.0,0.0,0.0,1.0,0.0,1.0,0.0,1.0
-1.0,-4.0,0.0,0.0,-1.0,-2.0,0.0,0.0,0.7142857142857143,0.0,0.5,1.0,0.25,0.0,-1.0,-1.0,-2.0,-2.0,-2.0,1.0,1.0,1.0,1.0,1.0,0.0,1.0
-5.0,-1.0,0.014864744219266137,0.05952380952380952,-10.0,-7.0,0.0,0.0,0.14285714285714285,0.0,0.0,0.0,0.0,0.02,-1.0,-1.0,-1.0,-1.0,-1.0,1.0,0.0,0.0,1.0,0.0,0.0,0.0
-5.0,-1.0,0.00374966520846353,9.92063492063492E-4,-8.0,-3.0,0.2,0.21428571428571427,0.42857142857142855,0.0,0.0,0.0,0.0,0.0,-1.0,-1.0,-1.0,-1.0,-1.0,1.0,1.0,0.0,0.0,1.0,1.0,0.0
-6.0,-2.0,0.02066779751807874,0.002976190476190476,-1.0,-6.0,0.0,0.0,0.42857142857142855,0.0,0.0,0.0,0.0,0.1,-1.0,-2.0,-1.0,-2.0,-1.0,1.0,0.0,0.0,1.0,1.0,1.0,0.0
-5.0,-1.0,0.0358896527095795,0.08333333333333333,-6.0,-3.0,0.2,0.0,0.14285714285714285,0.0,0.0,0.0,0.0,0.02,-2.0,-1.0,-1.0,-1.0,-1.0,0.0,1.0,0.0,0.0,1.0,0.0,0.0
-3.0,-1.0,0.0,0.0,-6.0,-1.0,0.0,0.14285714285714285,0.14285714285714285,0.0,0.0,0.0,0.0,0.0,-1.0,-1.0,-1.0,-1.0,-1.0,0.0,0.0,1.0,0.0,1.0,0.0,0.0
-4.0,-2.0,0.0011606106597625212,0.00496031746031746,-10.0,-6.0,0.6,0.0,0.42857142857142855,0.0,0.0,0.0,0.0,0.0,-1.0,-1.0,-1.0,-1.0,-2.0,1.0,1.0,0.0,1.0,0.0,1.0,0.0
-3.0,-4.0,0.022542630122310506,0.037698412698412696,-2.0,-1.0,0.0,0.21428571428571427,0.14285714285714285,0.0,0.0,0.0,0.0,0.0,-1.0,-1.0,-1.0,-1.0,-1.0,1.0,0.0,0.0,1.0,0.0,0.0,0.0
-5.0,-1.0,8.034996875278992E-4,0.001984126984126984,-8.0,-3.0,0.0,0.21428571428571427,0.42857142857142855,0.0,0.0,0.0,0.0,0.0,-1.0,-1.0,-1.0,-1.0,-1.0,1.0,1.0,0.0,0.0,1.0,1.0,0.0
-3.0,-1.0,0.00374966520846353,0.007936507936507936,-4.0,-1.0,0.0,0.21428571428571427,0.14285714285714285,0.0,0.0,0.0,0.0,0.0,-1.0,-1.0,-1.0,-1.0,-1.0,1.0,0.0,0.0,0.0,1.0,0.0,0.0
-5.0,-1.0,0.028925988751004373,0.015873015873015872,-10.0,-3.0,0.0,0.21428571428571427,0.5714285714285714,0.0,0.0,0.0,0.0,0.02,-1.0,-1.0,-2.0,-1.0,-1.0,1.0,1.0,0.0,1.0,1.0,1.0,0.0
-5.0,-1.0,4.463887152932774E-5,0.0,-8.0,-3.0,0.0,0.0,0.14285714285714285,0.0,0.0,0.0,0.0,0.0,-1.0,-1.0,-1.0,-1.0,-1.0,1.0,0.0,0.0,0.0,1.0,0.0,0.0
-4.0,-1.0,0.027810016962771182,0.001984126984126984,-10.0,-6.0,0.2,0.0,0.5714285714285714,0.0,0.0,0.0,0.0,0.02,-1.0,-1.0,-1.0,-1.0,-1.0,1.0,1.0,1.0,1.0,1.0,0.0,0.0
-4.0,-1.0,0.041290956164628155,0.05555555555555555,-10.0,-3.0,0.6,0.0,0.14285714285714285,0.0,0.0,0.0,0.0,0.0,-1.0,-1.0,-1.0,-1.0,-1.0,0.0,1.0,0.0,0.0,1.0,0.0,0.0
-3.0,-1.0,0.020087492188197484,0.007936507936507936,-6.0,-2.0,0.0,0.0,0.14285714285714285,0.0,0.5,0.0,0.0,0.0,-1.0,-1.0,-1.0,-1.0,-1.0,0.0,0.0,1.0,1.0,0.0,0.0,0.0
-5.0,-1.0,0.008258191232925632,0.00992063492063492,-8.0,-3.0,0.0,0.21428571428571427,0.42857142857142855,0.0,0.0,0.0,0.0,0.04,-1.0,-1.0,-1.0,-1.0,-1.0,1.0,1.0,0.0,0.0,1.0,1.0,0.0
-4.0,-4.0,0.0016069993750557985,9.92063492063492E-4,-6.0,-6.0,0.2,0.14285714285714285,0.42857142857142855,0.0,0.0,0.0,0.0,0.02,-1.0,-1.0,-1.0,-1.0,-1.0,1.0,1.0,0.0,1.0,0.0,1.0,0.0
-1.0,-4.0,0.41795375412909563,0.22916666666666666,-1.0,-2.0,0.0,0.9285714285714286,0.2857142857142857,0.0,0.0,0.0,0.25,1.0,-1.0,-1.0,-1.0,-1.0,-1.0,1.0,0.0,1.0,0.0,1.0,0.0,0.0
-1.0,-4.0,0.0,0.0,-1.0,-2.0,0.6,0.0,0.2857142857142857,0.0,0.0,0.0,0.0,0.0,-1.0,-1.0,-2.0,-1.0,-1.0,0.0,0.0,1.0,1.0,0.0,1.0,0.0
-5.0,-1.0,0.00807963574680832,0.005952380952380952,-10.0,-4.0,0.0,0.0,0.14285714285714285,0.0,0.0,0.0,0.0,0.0,-1.0,-1.0,-2.0,-1.0,-1.0,1.0,0.0,0.0,1.0,0.0,0.0,0.0
-1.0,-4.0,0.004865636996696724,0.007936507936507936,-2.0,-1.0,0.6,0.0,0.14285714285714285,0.0,0.0,0.0,0.0,0.0,-1.0,-1.0,-1.0,-1.0,-1.0,0.0,0.0,1.0,0.0,1.0,0.0,0.0
-4.0,-2.0,0.040398178734041605,0.027777777777777776,-10.0,-6.0,0.0,0.0,0.42857142857142855,0.25,0.0,0.0,0.0,0.0,-1.0,-1.0,-2.0,-2.0,-1.0,1.0,1.0,0.0,1.0,0.0,0.0,1.0
