76,8,2,
0,0.814070351758794,0.622950819672131,0.565656565656566,0.118203309692671,0.792846497764531,0.290777113578138,0.0666666666666667,1,
0.117647058823529,0.50251256281407,0.540983606557377,0.202020202020202,0.106382978723404,0.490312965722802,0.336891545687447,0.116666666666667,1,
0.470588235294118,0.778894472361809,0.508196721311475,0.262626262626263,0.585106382978723,0.506706408345753,0.198548249359522,0.416666666666667,1,
0.647058823529412,0.778894472361809,0.622950819672131,0.282828282828283,0.177304964539007,0.496274217585693,0.544406490179334,0.5,1,
0.470588235294118,0.944723618090452,0.639344262295082,0,0,0.713859910581222,0.0251921434671221,0.366666666666667,1,
0.352941176470588,0.954773869346734,0.754098360655738,0,0,0.529061102831595,0.085397096498719,0.75,1,
0.294117647058824,0.723618090452261,0.672131147540984,0.262626262626263,0.336879432624113,0.476900149031297,0.159692570452605,0.616666666666667,1,
0.470588235294118,0.668341708542714,0.59016393442623,0,0,0.490312965722802,0.0819812126387703,0.3,1,
0.352941176470588,0.974874371859296,0.639344262295082,0,0,0.350223546944858,0.0217762596071734,0.633333333333333,1,
0.117647058823529,0.733668341708543,0,0,0,0.409836065573771,0.0691716481639624,0.116666666666667,1,
0.0588235294117647,0.512562814070352,0.60655737704918,0,0,0.588673621460507,0.091801878736123,0.35,1,
0.117647058823529,0.64321608040201,0.639344262295082,0.373737373737374,0.215130023640662,0.645305514157973,0.48932536293766,0.166666666666667,1,
0.235294117647059,0.869346733668342,0.573770491803279,0.141414141414141,0.198581560283688,0.442622950819672,0.120836891545687,0.2,1,
0.411764705882353,0.939698492462312,0.557377049180328,0.393939393939394,0.359338061465721,0.561847988077496,0.0751494449188728,0.333333333333333,1,
0.411764705882353,0.547738693467337,0.655737704918033,0.313131313131313,0,0.535022354694486,0.447907771135781,0.366666666666667,1,
0,0.688442211055276,0.327868852459016,0.353535353535354,0.198581560283688,0.642324888226528,0.943637916310845,0.2,1,
0.0588235294117647,0.949748743718593,0.491803278688525,0.232323232323232,1,0.448584202682563,0.13663535439795,0.633333333333333,1,
0,0.618090452261307,0.59016393442623,0,0,0.540983606557377,0.0768573868488471,0.516666666666667,1,
0.411764705882353,0.763819095477387,0.721311475409836,0.444444444444444,0,0.745156482861401,0.110589239965841,0.25,1,
0.411764705882353,0.984924623115578,0.737704918032787,0,0,0.593144560357675,0.159265584970111,0.333333333333333,1,
0.117647058823529,0.723618090452261,0.475409836065574,0.333333333333333,0.159574468085106,0.470938897168405,0.146883005977797,0.0666666666666667,1,
0.411764705882353,0.798994974874372,0.540983606557377,0,0,0.453055141579732,0.130230572160547,0.25,1,
0,0.522613065326633,0.524590163934426,0.373737373737374,0.0756501182033097,0.500745156482861,0.184457728437233,0.0166666666666667,1,
0.0588235294117647,0.613065326633166,0.524590163934426,0.323232323232323,0.184397163120567,0.523099850968703,0.262169086251067,0.15,1,
0.235294117647059,0.793969849246231,0.639344262295082,0,0,0.490312965722802,0.309564474807857,0.166666666666667,1,
0.0588235294117647,0.819095477386935,0.59016393442623,0,0,0.581222056631893,0.488471391972673,0.2,1,
0.0588235294117647,0.50251256281407,0.60655737704918,0.121212121212121,0.0543735224586288,0.290611028315946,0.0303159692570453,0.116666666666667,0,
0.0588235294117647,0.482412060301508,1,0,0,0.333830104321908,0.0550811272416738,0.1,0,
0.117647058823529,0.653266331658292,0.786885245901639,0,0,0.336810730253353,0.0811272416737831,0,0,
0.176470588235294,0.557788944723618,0.737704918032787,0.121212121212121,0.0921985815602837,0.423248882265276,0.178052946199829,0.133333333333333,0,
0.117647058823529,0.648241206030151,0.688524590163934,0,0,0.417287630402385,0.0879590093936806,0.1,0,
0.117647058823529,0.552763819095477,0.60655737704918,0.292929292929293,0.147754137115839,0.482861400894188,0.264730999146029,0.1,0,
0.117647058823529,0.407035175879397,0.491803278688525,0.222222222222222,0,0.412816691505216,0.0905209222886422,0.0666666666666667,0,
0.294117647058824,0.442211055276382,0.639344262295082,0.303030303030303,0,0.411326378539493,0.0768573868488471,0.266666666666667,0,
0.705882352941177,0.608040201005025,0.639344262295082,0.171717171717172,0,0.394932935916542,0.0772843723313407,0.683333333333333,0,
0.411764705882353,0.668341708542714,0.688524590163934,0,0,0.599105812220566,0.263877028181042,0.266666666666667,0,
0.117647058823529,0.613065326633166,0.426229508196721,0.434343434343434,0.186761229314421,0.539493293591654,0.315115286080273,0.116666666666667,0,
0.176470588235294,0.517587939698492,0.59016393442623,0.303030303030303,0.179669030732861,0.411326378539493,0.278394534585824,0.1,0,
0,0.512562814070352,0.524590163934426,0.464646464646465,0.0921985815602837,0.605067064083458,0.178479931682323,0,0,
0,0.763819095477387,0.672131147540984,0.393939393939394,0.321513002364066,0.618479880774963,0.0819812126387703,0.1,0,
0.0588235294117647,0.718592964824121,0.60655737704918,0.222222222222222,0.0721040189125296,0.390461997019374,0.0760034158838599,0,0,
0.117647058823529,0.71356783919598,0.672131147540984,0.181818181818182,0.0756501182033097,0.368107302533532,0.291631084543126,0,0,
0.0588235294117647,0.562814070351759,0.59016393442623,0.303030303030303,0.208037825059102,0.512667660208644,0.192143467122118,0.0666666666666667,0,
0.235294117647059,0.552763819095477,0.540983606557377,0,0,0.475409836065574,0.167805294619983,0.133333333333333,0,
0.0588235294117647,0.366834170854271,0.409836065573771,0.101010101010101,0,0.342771982116244,0.0725875320239112,0,0,
0.0588235294117647,0.532663316582915,0.573770491803279,0.282828282828283,0.159574468085106,0.509687034277198,0.0273270708795901,0.0166666666666667,0,
0.0588235294117647,0.597989949748744,0.360655737704918,0.474747474747475,0.074468085106383,0.529061102831595,0.0862510674637062,0.0666666666666667,0,
0.294117647058824,0.547738693467337,0.614754098360656,0.262626262626263,0,0.536512667660209,0.199829205807003,0.65,0,
0,0.829145728643216,0.737704918032787,0.333333333333333,0.803782505910166,0.779433681073025,0.149017933390265,0.0333333333333333,0,
0.235294117647059,0.477386934673367,0.491803278688525,0.323232323232323,0,0.527570789865872,0.0879590093936806,0.116666666666667,0,
0,0.4321608040201,0.557377049180328,0.323232323232323,0,0.533532041728763,0.0683176771989752,0.0666666666666667,0,
0.294117647058824,0.64321608040201,0.655737704918033,0,0,0.51564828614009,0.0281810418445773,0.4,0,
0.294117647058824,0.718592964824121,0.639344262295082,0,0,0.670640834575261,0.0478223740392827,0.433333333333333,0,
0.588235294117647,0.376884422110553,0.672131147540984,0,0,0.496274217585693,0.0789923142613151,0.283333333333333,0,
0.0588235294117647,0.678391959798995,0.442622950819672,0,0,0.397913561847988,0.2600341588386,0.683333333333333,0,
0.470588235294118,0.457286432160804,0.672131147540984,0,0,0.530551415797317,0.21733561058924,0.783333333333333,0,
0.352941176470588,0.49748743718593,0.491803278688525,0.191919191919192,0.0638297872340425,0.400894187779434,0.178906917164816,0.183333333333333,0,
0.0588235294117647,0.597989949748744,0.721311475409836,0.414141414141414,0.200945626477541,0.675111773472429,0.183176771989752,0.0833333333333333,0,
0.411764705882353,0.512562814070352,0.60655737704918,0.404040404040404,0.124113475177305,0.554396423248882,0.053800170794193,0.4,0,
0.235294117647059,0.64321608040201,0.573770491803279,0,0,0.511177347242921,0.0960717335610589,0.05,0,
0.117647058823529,0.437185929648241,0.475409836065574,0.161616161616162,0.0614657210401891,0.487332339791356,0.0375747224594364,0.0666666666666667,0,
0,0.472361809045226,0.573770491803279,0.272727272727273,0.135933806146572,0.648286140089419,0.114859094790777,0,0,
0.176470588235294,0.512562814070352,0.360655737704918,0.202020202020202,0.111111111111111,0.459016393442623,0.137489325362938,0.0833333333333333,0,
0.0588235294117647,0.532663316582915,0.622950819672131,0,0,0.558867362146051,0.0508112724167378,0.0833333333333333,0,
0.0588235294117647,0.57286432160804,0.540983606557377,0.363636363636364,0.236406619385343,0.567809239940388,0.0900939368061486,0,0,
0,0.733668341708543,0.672131147540984,0,0,0.603576751117735,0.727156276686593,0.383333333333333,0,
0.470588235294118,0.50251256281407,0.622950819672131,0,0,0.576751117734724,0.0478223740392827,0.35,0,
0,0.542713567839196,0.557377049180328,0.202020202020202,0,0.406855439642325,0.302732707087959,0.183333333333333,0,
0,0.507537688442211,0.508196721311475,0,0,0.326378539493294,0.110162254483348,0.0666666666666667,0,
0.470588235294118,0.49748743718593,0.688524590163934,0,0,0.527570789865872,0.132365499573015,0.483333333333333,0,
0.705882352941177,0.50251256281407,0.688524590163934,0.333333333333333,0.124113475177305,0.447093889716841,0.175064047822374,0.416666666666667,0,
0,0.512562814070352,0.704918032786885,0.171717171717172,0.124113475177305,0.436661698956781,0.263450042698548,0.1,0,
0.117647058823529,0.64321608040201,0.524590163934426,0.424242424242424,0,0.596125186289121,0.436806148590948,0.05,0,
0.588235294117647,0.698492462311558,0.655737704918033,0,0,0.403874813710879,0.58198121263877,0.6,0,
0.235294117647059,0.618090452261307,0.655737704918033,0.151515151515152,0.208037825059102,0.476900149031297,0.155849701110162,0.216666666666667,0,
0,0.50251256281407,0.573770491803279,0.262626262626263,0.0591016548463357,0.459016393442623,0.221605465414176,0,0,
