77,8,2,
0,0.703517587939699,0.532786885245902,0.262626262626263,0.153664302600473,0.634873323397914,0.150725875320239,0.05,1,
0,0.904522613065327,0.639344262295082,0.636363636363636,0.016548463356974,0.885245901639344,1,0.0666666666666667,1,
0.235294117647059,0.618090452261307,0.508196721311475,0,0,0.476900149031297,0.0631938514090521,0.233333333333333,1,
0.0588235294117647,0.633165829145729,0.491803278688525,0,0,0.448584202682563,0.115713065755764,0.433333333333333,1,
0.529411764705882,0.728643216080402,0.721311475409836,0.343434343434343,0.195035460992908,0.451564828614009,0.295900939368062,0.533333333333333,1,
0.352941176470588,0.979899497487437,0.573770491803279,0,0,0.460506706408346,0.106746370623399,0.166666666666667,1,
0.0588235294117647,0.864321608040201,0.557377049180328,0.494949494949495,0.684397163120567,0.631892697466468,0.266438941076003,0.116666666666667,1,
0.0588235294117647,0.668341708542714,0.836065573770492,0.282828282828283,0.16548463356974,0.488822652757079,0.0666097352690009,0.4,1,
0.294117647058824,0.683417085427136,0.688524590163934,0.414141414141414,0.104018912529551,0.521609538002981,0.0888129803586678,0.233333333333333,1,
0.0588235294117647,0.64321608040201,0.721311475409836,0.393939393939394,0.130023640661939,0.543964232488823,0.41801878736123,0.266666666666667,1,
0.176470588235294,0.608040201005025,0.426229508196721,0,0,0.536512667660209,0.0209222886421862,0.0666666666666667,1,
0.352941176470588,0.628140703517588,0.639344262295082,0.313131313131313,0,0.411326378539493,0.207941929974381,0.466666666666667,1,
0.352941176470588,0.577889447236181,0.491803278688525,0.393939393939394,0,0.502235469448584,0.0713065755764304,0.316666666666667,1,
0.176470588235294,0.869346733668342,0.688524590163934,0.333333333333333,0.560283687943262,0.53204172876304,0.0768573868488471,0.0166666666666667,1,
0.588235294117647,0.557788944723618,0.573770491803279,0.272727272727273,0,0.409836065573771,0.0269000853970965,0.316666666666667,1,
0.235294117647059,0.723618090452261,0.672131147540984,0.323232323232323,0,0.573770491803279,0.203245089666951,0.266666666666667,1,
0.235294117647059,0.78391959798995,0.614754098360656,0,0,0.719821162444113,0.0683176771989752,0.183333333333333,1,
0,0.909547738693467,0.721311475409836,0.444444444444444,0.602836879432624,0.645305514157973,0.0614859094790777,0.0833333333333333,1,
0.705882352941177,0.758793969849246,0.573770491803279,0.404040404040404,0.32033096926714,0.622950819672131,0.283518360375747,0.283333333333333,1,
0,0.64321608040201,0.557377049180328,0.191919191919192,0.212765957446809,0.454545454545455,0.56063193851409,0.0666666666666667,1,
0.176470588235294,0.708542713567839,0,0,0,0.447093889716841,0.291631084543126,0.1,1,
0,0.648241206030151,0.901639344262295,0.464646464646465,0.153664302600473,1,0.102903501280956,0.0833333333333333,1,
0.294117647058824,0.653266331658292,0.672131147540984,0,0,0.582712369597616,0.374893253629377,0.266666666666667,1,
0.411764705882353,0.50251256281407,0,0,0,0.447093889716841,0.1733561058924,0.183333333333333,1,
0.470588235294118,0.50251256281407,0.60655737704918,0.404040404040404,0.254137115839243,0.587183308494784,0.248932536293766,0.366666666666667,1,
0.764705882352941,0.648241206030151,0,0.303030303030303,0,0.594634873323398,0.209649871904355,0.383333333333333,1,
0.0588235294117647,0.542713567839196,0.491803278688525,0.464646464646465,0.210401891252955,0.529061102831595,0.143894107600342,0.05,0,
0,0.50251256281407,0.721311475409836,0.606060606060606,0.130023640661939,0.697466467958271,0.377455166524338,0.166666666666667,0,
0.235294117647059,0.49748743718593,0.622950819672131,0.151515151515152,0.0602836879432624,0.34575260804769,0.0619128949615713,0,0,
0.117647058823529,0.57286432160804,0.557377049180328,0.222222222222222,0,0.427719821162444,0.00597779675491033,0.0666666666666667,0,
0.0588235294117647,0.537688442211055,0.59016393442623,0.303030303030303,0.0969267139479905,0.459016393442623,0.317250213492741,0.05,0,
0.117647058823529,0.547738693467337,0.754098360655738,0,0,0.636363636363636,0.327497865072588,0.55,0,
0.411764705882353,0.532663316582915,0.754098360655738,0.181818181818182,0,0.338301043219076,0.0670367207514944,0.45,0,
0.176470588235294,0.542713567839196,0.508196721311475,0.242424242424242,0,0.387481371087929,0.0619128949615713,0.0666666666666667,0,
0,0.467336683417085,0.491803278688525,0.252525252525253,0.108747044917258,0.427719821162444,0.193851409052092,0.0166666666666667,0,
0.117647058823529,0.562814070351759,0.540983606557377,0.222222222222222,0,0.3725782414307,0.0977796754910333,0.05,0,
0,0.28643216080402,0.491803278688525,0,0,0.323397913561848,0.280529461998292,0.766666666666667,0,
0,0.5678391959799,0.655737704918033,0.161616161616162,0,0.461997019374069,0.339880444064902,0,0,
0.117647058823529,0.49748743718593,0.426229508196721,0.151515151515152,0.111111111111111,0.366616989567809,0.23868488471392,0,0,
0.235294117647059,0.49748743718593,0.59016393442623,0.171717171717172,0,0.381520119225037,0.0922288642186165,0.116666666666667,0,
0.235294117647059,0.562814070351759,0.639344262295082,0.404040404040404,0,0.587183308494784,0.067463706233988,0.283333333333333,0,
0.352941176470588,0.42713567839196,0.639344262295082,0,0,0.464977645305514,0.129803586678053,0.35,0,
0.529411764705882,0.28643216080402,0.655737704918033,0.373737373737374,0,0.488822652757079,0.00768573868488471,0.333333333333333,0,
0.470588235294118,0.422110552763819,0.60655737704918,0.313131313131313,0,0.570789865871833,0.161827497865073,0.3,0,
0.117647058823529,0.422110552763819,0.409836065573771,0.232323232323232,0.0898345153664303,0.453055141579732,0.3800170794193,0,0,
0.470588235294118,0.326633165829146,0.59016393442623,0.232323232323232,0,0.476900149031297,0.222886421861657,0.35,0,
0.117647058823529,0.462311557788945,0.508196721311475,0.282828282828283,0,0.470938897168405,0.022203245089667,0.05,0,
0.117647058823529,0.35678391959799,0.573770491803279,0.272727272727273,0,0.417287630402385,0.216908625106746,0.0166666666666667,0,
0.117647058823529,0.537688442211055,0.60655737704918,0.303030303030303,0.118203309692671,0.500745156482861,0.139197267292912,0.0333333333333333,0,
0.0588235294117647,0.547738693467337,0.311475409836066,0.181818181818182,0.141843971631206,0.344262295081967,0.140478223740393,0.0833333333333333,0,
0.294117647058824,0.587939698492462,0.704918032786885,0.303030303030303,0.124113475177305,0.582712369597616,0.073868488471392,0.35,0,
0.588235294117647,0.668341708542714,0.557377049180328,0,0,0.402384500745157,0.0713065755764304,0.25,0,
0.235294117647059,0.472361809045226,0.532786885245902,0.222222222222222,0,0.368107302533532,0.0298889837745517,0,0,
0,0.527638190954774,0.557377049180328,0.222222222222222,0,0.29806259314456,0.067463706233988,0.0166666666666667,0,
0.117647058823529,0.608040201005025,0.573770491803279,0.323232323232323,0.112293144208038,0.582712369597616,0.345004269854825,0.0333333333333333,0,
0.117647058823529,0.532663316582915,0.524590163934426,0.353535353535354,0.140661938534279,0.454545454545455,0.564474807856533,0.216666666666667,0,
0.235294117647059,0.457286432160804,0.573770491803279,0.323232323232323,0.104018912529551,0.493293591654247,0.157130657557643,0.0166666666666667,0,
0.117647058823529,0.422110552763819,0,0,0,0,0.0964987190435525,0,0,
0.117647058823529,0.628140703517588,0.491803278688525,0.202020202020202,0.16548463356974,0.503725782414307,0.00426985482493595,0.166666666666667,0,
0,0.472361809045226,0,0,0,0,0.0760034158838599,0.0666666666666667,0,
0.176470588235294,0.482412060301508,0.459016393442623,0.343434343434343,0.135933806146572,0.368107302533532,0.369769427839453,0.3,0,
0.352941176470588,0.723618090452261,0.59016393442623,0.272727272727273,0.269503546099291,0.50521609538003,0.0755764304013663,0.316666666666667,0,
0.0588235294117647,0.517587939698492,0.245901639344262,0.383838383838384,0.0981087470449173,0.645305514157973,0.0448334756618275,0.2,0,
0.235294117647059,0.487437185929648,0.491803278688525,0.232323232323232,0,0.42026825633383,0.155849701110162,0.0166666666666667,0,
0.352941176470588,0.829145728643216,0.557377049180328,0.262626262626263,0.198581560283688,0.500745156482861,0.236122971818958,0.466666666666667,0,
0,0.522613065326633,0.622950819672131,0,0,0.274217585692996,0.215200683176772,0.1,0,
0.588235294117647,0.577889447236181,0,0,0,0.526080476900149,0.0239111870196413,0.133333333333333,0,
0.294117647058824,0.4321608040201,0.557377049180328,0.282828282828283,0.0839243498817967,0.450074515648286,0.122117847993168,0.05,0,
0.117647058823529,0.698492462311558,0.614754098360656,0,0,0.381520119225037,0.03800170794193,0.133333333333333,0,
0.0588235294117647,0.718592964824121,0.688524590163934,0.232323232323232,0.366430260047281,0.631892697466468,0.426131511528608,0.0166666666666667,0,
0,0.391959798994975,0.721311475409836,0.292929292929293,0.0472813238770686,0.549925484351714,0.15200683176772,0,0,
0.176470588235294,0.422110552763819,0.59016393442623,0.323232323232323,0,0.554396423248882,0.0807002561912895,0.116666666666667,0,
0.235294117647059,0.989949748743719,0.573770491803279,0.393939393939394,0.879432624113475,0.546944858420268,0.961144321093083,0.166666666666667,0,
0.411764705882353,0.753768844221106,0.540983606557377,0.424242424242424,0.404255319148936,0.517138599105812,0.273270708795901,0.35,0,
0.176470588235294,0.371859296482412,0.557377049180328,0.282828282828283,0.0531914893617021,0.442622950819672,0.091801878736123,0.0333333333333333,0,
0.235294117647059,0.42713567839196,0.475409836065574,0.222222222222222,0.057919621749409,0.414307004470939,0.0973526900085397,0.116666666666667,0,
0.294117647058824,0.688442211055276,0.885245901639344,0,0,0.727272727272727,0.0636208368915457,0.266666666666667,1,
