77,8,2,
0.470588235294118,0.758793969849246,0.639344262295082,0.323232323232323,0.24822695035461,0.639344262295082,0.187019641332195,0.25,1,
0.235294117647059,0.547738693467337,0.524590163934426,0.444444444444444,0.117021276595745,0.518628912071535,0.353116994022203,0.0833333333333333,1,
0.411764705882353,0.979899497487437,0.573770491803279,0.333333333333333,0.171394799054374,0.374068554396423,0.0362937660119556,0.566666666666667,1,
0,0.608040201005025,0.540983606557377,0.303030303030303,0.195035460992908,0.511177347242921,0.0533731853116994,0.2,1,
0.470588235294118,0.718592964824121,0.540983606557377,0,0,0.520119225037258,0.0217762596071734,0.333333333333333,1,
0,0.693467336683417,0,0,0,0.540983606557377,0.365072587532024,0.0666666666666667,1,
0.176470588235294,0.85929648241206,0.59016393442623,0.333333333333333,0.159574468085106,0.496274217585693,0.051665243381725,0.05,1,
0.117647058823529,0.673366834170854,0.573770491803279,0,0,0.43070044709389,0.198121263877028,0.0333333333333333,1,
0.764705882352941,0.522613065326633,0.59016393442623,0,0,0.464977645305514,0.165243381725021,0.283333333333333,1,
0.235294117647059,0.743718592964824,0.491803278688525,0.272727272727273,0.375886524822695,0.460506706408346,0.0307429547395389,0.133333333333333,1,
0.294117647058824,0.487437185929648,0.622950819672131,0.272727272727273,0,0.530551415797317,0.128095644748079,0.516666666666667,1,
0,0.839195979899497,0,0,0,0.481371087928465,0.324935952177626,0.15,1,
0.411764705882353,0.71356783919598,0.737704918032787,0.242424242424242,0.567375886524823,0.453055141579732,0.0213492741246798,0.366666666666667,1,
0.176470588235294,0.793969849246231,0.573770491803279,0.303030303030303,0.387706855791962,0.529061102831595,0.113578138343296,0.233333333333333,1,
0.235294117647059,0.663316582914573,0,0,0,0.490312965722802,0.0956447480785653,0.0333333333333333,1,
0.470588235294118,0.934673366834171,0.737704918032787,0.353535353535354,0.265957446808511,0.514157973174367,0.14730999146029,0.266666666666667,1,
0.411764705882353,0.909547738693467,0.688524590163934,0.212121212121212,0.226950354609929,0.535022354694486,0.216908625106746,0.5,1,
0.647058823529412,0.603015075376884,0.655737704918033,0.373737373737374,0.177304964539007,0.630402384500745,0.301878736122972,0.45,1,
0.294117647058824,0.577889447236181,0.80327868852459,0,0,0.788375558867362,0.055935098206661,0.116666666666667,1,
0.529411764705882,0.78391959798995,0.704918032786885,0.282828282828283,0.183215130023641,0.511177347242921,0.474380871050384,0.35,1,
0.176470588235294,0.648241206030151,0.524590163934426,0.292929292929293,0.135933806146572,0.39344262295082,0.0602049530315969,0.116666666666667,1,
0.411764705882353,0.974874371859296,0.557377049180328,0.282828282828283,0,0.535022354694486,0.284799316823228,0.333333333333333,1,
0.411764705882353,0.804020100502513,0.442622950819672,0.323232323232323,0.206855791962175,0.454545454545455,0.217762596071734,0.3,1,
0,0.477386934673367,0.69672131147541,0.252525252525253,0.0425531914893617,0.557377049180328,0.0721605465414176,0.05,1,
0.294117647058824,0.949748743718593,0.524590163934426,0.333333333333333,0.384160756501182,0.464977645305514,0.215627668659266,0.133333333333333,1,
0.470588235294118,0.899497487437186,0.59016393442623,0.424242424242424,0.153664302600473,0.487332339791356,0.273697694278395,0.25,1,
0.470588235294118,0.633165829145729,0.60655737704918,0.383838383838384,0.0886524822695035,0.385991058122206,0.035866780529462,0.3,0,
0.235294117647059,0.452261306532663,0,0,0,0.417287630402385,0.227156276686593,0.166666666666667,0,
0.176470588235294,0.613065326633166,0.639344262295082,0,0,0.342771982116244,0.0751494449188728,0.316666666666667,0,
0.647058823529412,0.517587939698492,0.557377049180328,0.404040404040404,0,0.688524590163935,0.0204953031596926,0.35,0,
0.117647058823529,0.412060301507538,0.426229508196721,0.222222222222222,0.135933806146572,0.424739195230999,0.692143467122118,0.0666666666666667,0,
0.529411764705882,0.361809045226131,0.639344262295082,0.252525252525253,0,0.470938897168405,0.0862510674637062,0.283333333333333,0,
0.117647058823529,0.507537688442211,0.475409836065574,0.353535353535354,0.106382978723404,0.324888226527571,0.0328778821520068,0.0166666666666667,0,
0.352941176470588,0.537688442211055,0.721311475409836,0,0,0.548435171385991,0.277113578138343,0.166666666666667,0,
0.0588235294117647,0.386934673366834,0.459016393442623,0.303030303030303,0.066193853427896,0.496274217585693,0.500853970964987,0.05,0,
0.0588235294117647,0.402010050251256,0.450819672131148,0,0,0.284649776453055,0.0768573868488471,0,0,
0.176470588235294,0.582914572864322,0,0,0,0.350223546944858,0.0465414175918019,0.0333333333333333,0,
0.117647058823529,0.452261306532663,0.491803278688525,0,0,0.350223546944858,0.0482493595217763,0.0666666666666667,0,
0.0588235294117647,0.582914572864322,0.639344262295082,0.292929292929293,0.212765957446809,0.538002980625932,0.178479931682323,0.0666666666666667,0,
0.470588235294118,0.633165829145729,0.721311475409836,0.363636363636364,0.127659574468085,0.573770491803279,0.115713065755764,0.466666666666667,0,
0.0588235294117647,0.653266331658292,0.491803278688525,0.232323232323232,0.200945626477541,0.426229508196721,0.262169086251067,0,0,
0.0588235294117647,0.487437185929648,0.573770491803279,0.404040404040404,0,0.567809239940388,0.0597779675491033,0.15,0,
0,0.869346733668342,0.639344262295082,0.323232323232323,0.313238770685579,0.692995529061103,0.461571306575576,0.616666666666667,0,
0.588235294117647,0.613065326633166,0.557377049180328,0,0,0.464977645305514,0.0768573868488471,0.333333333333333,0,
0,0.738693467336683,0.69672131147541,0.545454545454545,0,0.637853949329359,0.126814688300598,0.05,0,
0.117647058823529,0.49748743718593,0.491803278688525,0.171717171717172,0.189125295508274,0.545454545454546,0.160119555935098,0,0,
0.235294117647059,0.949748743718593,0.901639344262295,0.313131313131313,0,0.424739195230999,0.257045260461144,0.266666666666667,0,
0.470588235294118,0.592964824120603,0.59016393442623,0.191919191919192,0,0.344262295081967,0.596925704526046,0.416666666666667,0,
0.176470588235294,0.5678391959799,0.409836065573771,0.101010101010101,0.100472813238771,0.439642324888227,0.23398804440649,0.0666666666666667,0,
0.235294117647059,0.648241206030151,0.704918032786885,0.202020202020202,0.319148936170213,0.523099850968703,0.0653287788215201,0.0333333333333333,0,
0.411764705882353,0.71356783919598,0.491803278688525,0.333333333333333,0.224586288416076,0.429210134128167,0.2600341588386,0.666666666666667,0,
0.176470588235294,0.618090452261307,0.819672131147541,0.353535353535354,0.283687943262411,0.853949329359165,0.342442356959863,0.0166666666666667,0,
0.176470588235294,0.623115577889447,0.655737704918033,0.333333333333333,0.153664302600473,0.49478390461997,0.0969257045260461,0.0833333333333333,0,
0,0.633165829145729,0.704918032786885,0.272727272727273,0.141843971631206,0.408345752608048,0.186592655849701,0,0,
0.235294117647059,0.582914572864322,0.59016393442623,0.121212121212121,0.102836879432624,0.329359165424739,0.164389410760034,0.266666666666667,0,
0.0588235294117647,0.447236180904523,0.540983606557377,0.232323232323232,0.111111111111111,0.418777943368107,0.03800170794193,0,0,
0.352941176470588,0.542713567839196,0.360655737704918,0.202020202020202,0.153664302600473,0.357675111773472,0.313834329632792,0.233333333333333,0,
0.294117647058824,0.49748743718593,0.442622950819672,0.282828282828283,0.0981087470449173,0.506706408345753,0.179760888129804,0.15,0,
0.176470588235294,0.437185929648241,0.491803278688525,0.181818181818182,0,0.324888226527571,0.156276686592656,0,0,
0.117647058823529,0.477386934673367,0.442622950819672,0.141414141414141,0.104018912529551,0.388971684053651,0.286080273270709,0.0166666666666667,0,
0.411764705882353,0.628140703517588,0.704918032786885,0,0,0.560357675111774,0.0964987190435525,0.5,0,
0.0588235294117647,0.758793969849246,0.491803278688525,0,0,0.388971684053651,0.0431255337318531,0.0166666666666667,0,
0.0588235294117647,0.447236180904523,0.19672131147541,0.191919191919192,0.0295508274231679,0.414307004470939,0.205380017079419,0,0,
0.235294117647059,0.773869346733668,0.59016393442623,0.292929292929293,0.148936170212766,0.466467958271237,0.111016225448335,0.266666666666667,0,
0.117647058823529,0.371859296482412,0,0,0,0,0.0102476515798463,0.0166666666666667,0,
0.588235294117647,0.472361809045226,0.59016393442623,0.181818181818182,0,0.344262295081967,0.220751494449189,0.583333333333333,0,
0.176470588235294,0.653266331658292,0.524590163934426,0,0,0.344262295081967,0.100768573868488,0.0166666666666667,0,
0.117647058823529,0.613065326633166,0.573770491803279,0.272727272727273,0,0.548435171385991,0.111870196413322,0.1,0,
0.529411764705882,0.457286432160804,0.557377049180328,0,0,0.360655737704918,0.0520922288642186,0.616666666666667,0,
0.176470588235294,0.64321608040201,0.639344262295082,0,0,0.314456035767511,0.0811272416737831,0.566666666666667,0,
0.0588235294117647,0.547738693467337,0.459016393442623,0.212121212121212,0.159574468085106,0.375558867362146,0.322374039282664,0.0333333333333333,0,
0.117647058823529,0.417085427135678,0.532786885245902,0.282828282828283,0.0780141843971631,0.548435171385991,0.235269000853971,0.05,0,
0.117647058823529,0.562814070351759,0.639344262295082,0.505050505050505,0.16548463356974,0.587183308494784,0.0414175918018787,0.05,0,
0.0588235294117647,0.537688442211055,0.557377049180328,0.191919191919192,0,0.394932935916542,0.0371477369769428,0.05,0,
0.117647058823529,0.492462311557789,0.491803278688525,0.171717171717172,0.141843971631206,0.517138599105812,0.0512382578992314,0.0166666666666667,0,
0.235294117647059,0.613065326633166,0.557377049180328,0,0,0.521609538002981,0.134927412467976,0.133333333333333,0,
0.235294117647059,0.728643216080402,0.672131147540984,0.181818181818182,0,0.484351713859911,0.0670367207514944,0.816666666666667,1,
