77,8,2,
0.352941176470588,0.537688442211055,0.721311475409836,0,0,0.548435171385991,0.277113578138343,0.166666666666667,0,
0.235294117647059,0.949748743718593,0.901639344262295,0.313131313131313,0,0.424739195230999,0.257045260461144,0.266666666666667,0,
0.470588235294118,0.633165829145729,0.60655737704918,0.383838383838384,0.0886524822695035,0.385991058122206,0.035866780529462,0.3,0,
0.588235294117647,0.899497487437186,0.573770491803279,0,0,0.523099850968703,0.0520922288642186,0.266666666666667,0,
0.176470588235294,0.532663316582915,0.59016393442623,0,0,0.384500745156483,0.0550811272416738,0.1,0,
0.176470588235294,0.633165829145729,0.721311475409836,0.414141414141414,0.277777777777778,0.585692995529061,0.267292912040991,0.1,0,
0.117647058823529,0.49748743718593,0,0,0,0.330849478390462,0.0128095644748079,0.0333333333333333,0,
0.235294117647059,0.417085427135678,0.704918032786885,0.191919191919192,0,0.436661698956781,0.102049530315969,0.216666666666667,0,
0.0588235294117647,0.723618090452261,0.672131147540984,0.404040404040404,0,0.615499254843517,0.225875320239112,0.116666666666667,0,
0.294117647058824,0.391959798994975,0.39344262295082,0,0,0.502235469448584,0.245943637916311,0.0666666666666667,0,
0.176470588235294,0.64321608040201,0.639344262295082,0,0,0.314456035767511,0.0811272416737831,0.566666666666667,0,
0.588235294117647,0.462311557788945,0.508196721311475,0,0,0.385991058122206,0.03800170794193,0.166666666666667,0,
0.0588235294117647,0.396984924623116,0.491803278688525,0.424242424242424,0.0567375886524823,0.648286140089419,0.256191289496157,0.0333333333333333,0,
0.0588235294117647,0.733668341708543,0.459016393442623,0,0,0.442622950819672,0.207514944491887,0.133333333333333,0,
0.176470588235294,0.653266331658292,0.524590163934426,0,0,0.344262295081967,0.100768573868488,0.0166666666666667,0,
0.470588235294118,0.477386934673367,0.59016393442623,0,0,0.548435171385991,0.173783091374893,0.6,0,
0.0588235294117647,0.50251256281407,0.59016393442623,0.121212121212121,0.08274231678487,0.377049180327869,0.247651579846285,0.116666666666667,0,
0.0588235294117647,0.457286432160804,0.442622950819672,0.252525252525253,0.118203309692671,0.375558867362146,0.0666097352690009,0.0333333333333333,0,
0.352941176470588,0.723618090452261,0.59016393442623,0.272727272727273,0.269503546099291,0.50521609538003,0.0755764304013663,0.316666666666667,0,
0.470588235294118,0.326633165829146,0.59016393442623,0.232323232323232,0,0.476900149031297,0.222886421861657,0.35,0,
0.0588235294117647,0.537688442211055,0.59016393442623,0.303030303030303,0.0969267139479905,0.459016393442623,0.317250213492741,0.05,0,
0.235294117647059,0.472361809045226,0.532786885245902,0.222222222222222,0,0.368107302533532,0.0298889837745517,0,0,
0.294117647058824,0.613065326633166,0.704918032786885,0,0,0.517138599105812,0.0905209222886422,0.2,0,
0.294117647058824,0.57286432160804,0.60655737704918,0,0,0.371087928464978,0.284372331340734,0.6,0,
0.352941176470588,0.517587939698492,0.59016393442623,0.323232323232323,0.224586288416076,0.561847988077496,0.105038428693424,0.566666666666667,0,
0.470588235294118,0.537688442211055,0.655737704918033,0,0,0.366616989567809,0.332194705380017,0.216666666666667,0,
0.0588235294117647,0.35678391959799,0.508196721311475,0,0,0.324888226527571,0.144321093082835,0.0833333333333333,0,
0.0588235294117647,0.437185929648241,0.557377049180328,0.343434343434343,0.091016548463357,0.560357675111774,0.137916310845431,0.05,0,
0.294117647058824,0.517587939698492,0.885245901639344,0.373737373737374,0,0.584202682563338,0.0969257045260461,0.733333333333333,0,
0.294117647058824,0.221105527638191,0.508196721311475,0,0,0.3725782414307,0.21733561058924,0.25,0,
0.0588235294117647,0.477386934673367,0.491803278688525,0.181818181818182,0.0685579196217494,0.35618479880775,0.0777113578138343,0.0166666666666667,0,
0.0588235294117647,0.78894472361809,0.59016393442623,0.212121212121212,0.198581560283688,0.381520119225037,0.0192143467122118,0.05,0,
0.294117647058824,0.633165829145729,0.639344262295082,0.272727272727273,0.0260047281323877,0.441132637853949,0.154141759180188,0.316666666666667,0,
0.588235294117647,0.814070351758794,0.688524590163934,0,0,0.412816691505216,0.0444064901793339,0.55,0,
0,0.688442211055276,0.573770491803279,0.383838383838384,0,0.49478390461997,0.0392826643894108,0.0166666666666667,0,
0.0588235294117647,0.50251256281407,0.540983606557377,0.151515151515152,0.066193853427896,0.351713859910581,0.251067463706234,0.0833333333333333,0,
0,0.618090452261307,0.721311475409836,0.373737373737374,0,0.524590163934426,0.0508112724167378,0.133333333333333,0,
0.235294117647059,0.758793969849246,0.737704918032787,0.383838383838384,0,0.442622950819672,0.0922288642186165,0.25,0,
0,0.597989949748744,0.524590163934426,0.181818181818182,0.108747044917258,0.520119225037258,0.276259607173356,0.0333333333333333,0,
0,0.472361809045226,0.573770491803279,0.272727272727273,0.135933806146572,0.648286140089419,0.114859094790777,0,0,
0.176470588235294,0.512562814070352,0.360655737704918,0.202020202020202,0.111111111111111,0.459016393442623,0.137489325362938,0.0833333333333333,0,
0,0.4321608040201,0.557377049180328,0.323232323232323,0,0.533532041728763,0.0683176771989752,0.0666666666666667,0,
0.0588235294117647,0.562814070351759,0.59016393442623,0.303030303030303,0.208037825059102,0.512667660208644,0.192143467122118,0.0666666666666667,0,
0.117647058823529,0.653266331658292,0.786885245901639,0,0,0.336810730253353,0.0811272416737831,0,0,
0.294117647058824,0.527638190954774,0.59016393442623,0.292929292929293,0.384160756501182,0.549925484351714,0.0345858240819812,0.116666666666667,0,
0.352941176470588,0.437185929648241,0.655737704918033,0,0,0.34575260804769,0.00256191289496157,0.183333333333333,0,
0.0588235294117647,0.467336683417085,0.573770491803279,0.313131313131313,0,0.453055141579732,0.101195559350982,0.0333333333333333,0,
0.294117647058824,0.582914572864322,0.60655737704918,0,0,0.381520119225037,0.0525192143467122,0.15,0,
0.0588235294117647,0.417085427135678,0.557377049180328,0,0,0.27123695976155,0.233134073441503,0.1,0,
0.352941176470588,0.462311557788945,0.508196721311475,0.323232323232323,0.148936170212766,0.476900149031297,0.00298889837745517,0.416666666666667,0,
0.470588235294118,0.758793969849246,0.639344262295082,0.323232323232323,0.24822695035461,0.639344262295082,0.187019641332195,0.25,1,
0.529411764705882,0.562814070351759,0.672131147540984,0.323232323232323,0.206855791962175,0.509687034277198,0.0777113578138343,0.25,1,
0.176470588235294,0.814070351758794,0.426229508196721,0.383838383838384,0,0.554396423248882,0.245089666951324,0.05,1,
0,0.658291457286432,0,0,0,0.64381520119225,0.0819812126387703,0.0833333333333333,1,
0.470588235294118,0.773869346733668,0.639344262295082,0.323232323232323,0,0.482861400894188,0.155849701110162,0.4,1,
0.176470588235294,0.85427135678392,0.524590163934426,0.373737373737374,0.265957446808511,0.514157973174367,0.118701964133219,0.15,1,
0.176470588235294,0.648241206030151,0.524590163934426,0.292929292929293,0.135933806146572,0.39344262295082,0.0602049530315969,0.116666666666667,1,
0.176470588235294,0.793969849246231,0.573770491803279,0.303030303030303,0.387706855791962,0.529061102831595,0.113578138343296,0.233333333333333,1,
0.352941176470588,0.623115577889447,0.59016393442623,0,0,0.411326378539493,0.123825789923143,0.133333333333333,1,
0.411764705882353,0.844221105527638,0.721311475409836,0.424242424242424,0.379432624113475,0.56929955290611,0.302732707087959,0.316666666666667,1,
0.0588235294117647,0.633165829145729,0.491803278688525,0,0,0.448584202682563,0.115713065755764,0.433333333333333,1,
0,0.693467336683417,0.491803278688525,0.353535353535354,0.197399527186761,0.51564828614009,0.194705380017079,0,1,
0.470588235294118,0.884422110552764,0.737704918032787,0.343434343434343,0.354609929078014,0.502235469448584,0.166097352690009,0.616666666666667,1,
0.0588235294117647,0.597989949748744,0.704918032786885,0.393939393939394,0.260047281323877,0.679582712369598,0.311699402220325,0.133333333333333,1,
0.470588235294118,0.628140703517588,0.786885245901639,0,0,0,0.0657557643040137,0.55,1,
0.352941176470588,0.974874371859296,0.639344262295082,0,0,0.350223546944858,0.0217762596071734,0.633333333333333,1,
0.470588235294118,0.984924623115578,0.622950819672131,0.292929292929293,0.33096926713948,0.558867362146051,0.225021349274125,0.6,1,
0.352941176470588,0.673366834170854,0.573770491803279,0.232323232323232,0.153664302600473,0.527570789865872,0.198121263877028,0.133333333333333,1,
0.411764705882353,0.738693467336683,0.622950819672131,0,0,0.587183308494784,0.0764304013663535,0.366666666666667,1,
0.294117647058824,0.939698492462312,0.622950819672131,0.272727272727273,0.24468085106383,0.649776453055142,0.408198121263877,0.533333333333333,1,
0.117647058823529,0.673366834170854,0.573770491803279,0,0,0.43070044709389,0.198121263877028,0.0333333333333333,1,
0.529411764705882,0.924623115577889,0.69672131147541,0.151515151515152,0,0.447093889716841,0.484628522630231,0.466666666666667,1,
0.0588235294117647,0.869346733668342,0.60655737704918,0,0,0.548435171385991,0.00426985482493595,0.283333333333333,1,
0.647058823529412,0.718592964824121,0.770491803278688,0.333333333333333,0.1725768321513,0.545454545454546,0.0751494449188728,0.5,1,
0.470588235294118,0.718592964824121,0.540983606557377,0,0,0.520119225037258,0.0217762596071734,0.333333333333333,1,
0.411764705882353,0.57286432160804,0.540983606557377,0,0,0.488822652757079,0.0768573868488471,0.35,1,
0.294117647058824,0.723618090452261,0.672131147540984,0.262626262626263,0.336879432624113,0.476900149031297,0.159692570452605,0.616666666666667,1,
