77,8,2,
0,0.507537688442211,0.622950819672131,0,0,0.53204172876304,0.0512382578992314,0.0833333333333333,0,
0.352941176470588,0.688442211055276,0.5,0,0,0.360655737704918,0.0311699402220324,0.566666666666667,0,
0,0.869346733668342,0.639344262295082,0.323232323232323,0.313238770685579,0.692995529061103,0.461571306575576,0.616666666666667,0,
0.235294117647059,0.733668341708543,0.69672131147541,0.272727272727273,0.118203309692671,0.43070044709389,0.0473953885567891,0.1,0,
0.0588235294117647,0.633165829145729,0.459016393442623,0.292929292929293,0.179669030732861,0.427719821162444,0.308710503842869,0,0,
0,0.628140703517588,0.786885245901639,0,0,0.33532041728763,0.0785653287788215,0,0,
0.117647058823529,0.492462311557789,0.491803278688525,0.171717171717172,0.141843971631206,0.517138599105812,0.0512382578992314,0.0166666666666667,0,
0.0588235294117647,0.477386934673367,0.540983606557377,0.131313131313131,0.0449172576832151,0.292101341281669,0.10930828351836,0.0666666666666667,0,
0.352941176470588,0.462311557788945,0.754098360655738,0,0,0.296572280178838,0.0469684030742955,0.116666666666667,0,
0,0.487437185929648,0.524590163934426,0.363636363636364,0.118203309692671,0.548435171385991,0.222886421861657,0.0666666666666667,0,
0.176470588235294,0.557788944723618,0.475409836065574,0.313131313131313,0.0520094562647754,0.439642324888227,0.150298889837746,0.0166666666666667,0,
0.529411764705882,0.457286432160804,0.557377049180328,0,0,0.360655737704918,0.0520922288642186,0.616666666666667,0,
0.411764705882353,0.527638190954774,0,0,0,0,0.0969257045260461,0.05,0,
0.235294117647059,0.462311557788945,0.655737704918033,0,0,0.628912071535022,0.0678906917164816,0.133333333333333,0,
0.117647058823529,0.613065326633166,0.622950819672131,0.272727272727273,0.236406619385343,0.535022354694486,0.172929120409906,0.0833333333333333,0,
0.0588235294117647,0.402010050251256,0.60655737704918,0.111111111111111,0.0709219858156028,0.447093889716841,0.191716481639624,0.0166666666666667,0,
0.117647058823529,0.698492462311558,0.614754098360656,0,0,0.381520119225037,0.03800170794193,0.133333333333333,0,
0.117647058823529,0.577889447236181,0.524590163934426,0.222222222222222,0,0.459016393442623,0.146456020495303,0,0,
0.176470588235294,0.482412060301508,0.459016393442623,0.343434343434343,0.135933806146572,0.368107302533532,0.369769427839453,0.3,0,
0.117647058823529,0.537688442211055,0.60655737704918,0.303030303030303,0.118203309692671,0.500745156482861,0.139197267292912,0.0333333333333333,0,
0.117647058823529,0.57286432160804,0.557377049180328,0.222222222222222,0,0.427719821162444,0.00597779675491033,0.0666666666666667,0,
0.294117647058824,0.587939698492462,0.704918032786885,0.303030303030303,0.124113475177305,0.582712369597616,0.073868488471392,0.35,0,
0.0588235294117647,0.608040201005025,0.639344262295082,0.393939393939394,0.0874704491725768,0.581222056631893,0.0781383432963279,0.116666666666667,0,
0.0588235294117647,0.693467336683417,0.672131147540984,0,0,0.597615499254844,0.067463706233988,0.116666666666667,0,
0.352941176470588,0.492462311557789,0.475409836065574,0.333333333333333,0.224586288416076,0.506706408345753,0.150298889837746,0.366666666666667,0,
0.117647058823529,0.447236180904523,0.737704918032787,0.303030303030303,0,0.499254843517139,0.0913748932536294,0.35,0,
0.352941176470588,0.618090452261307,0.59016393442623,0.454545454545455,0.271867612293144,0.500745156482861,0.279675491033305,0.216666666666667,0,
0.0588235294117647,0.452261306532663,0.508196721311475,0.121212121212121,0.0508274231678487,0.405365126676602,0.214346712211785,0.05,0,
0.0588235294117647,0.396984924623116,0.655737704918033,0.252525252525253,0.0437352245862884,0.378539493293592,0.215627668659266,0.0166666666666667,0,
0.235294117647059,0.452261306532663,0.721311475409836,0.474747474747475,0.0638297872340425,0.561847988077496,0.121263877028181,0.133333333333333,0,
0.411764705882353,0.683417085427136,0.737704918032787,0,0,0.445603576751118,0.0563620836891546,0.483333333333333,0,
0.411764705882353,0.899497487437186,0.778688524590164,0.313131313131313,0,0.509687034277198,0.0367207514944492,0.65,0,
0.117647058823529,0.562814070351759,0.557377049180328,0.222222222222222,0.111111111111111,0.508196721311475,0.101195559350982,0.0833333333333333,0,
0.0588235294117647,0.50251256281407,0.540983606557377,0.292929292929293,0.231678486997636,0.476900149031297,0.156276686592656,0.35,0,
0.470588235294118,0.42713567839196,0.450819672131148,0.202020202020202,0,0.363636363636364,0.0247651579846285,0.35,0,
0.411764705882353,0.688442211055276,0.737704918032787,0.414141414141414,0,0.476900149031297,0.133646456020495,0.3,0,
0.294117647058824,0.618090452261307,0.60655737704918,0.404040404040404,0.091016548463357,0.508196721311475,0.0815542271562767,0.116666666666667,0,
0.352941176470588,0.834170854271357,0.60655737704918,0,0,0.396423248882265,0.0964987190435525,0.75,0,
0.0588235294117647,0.603015075376884,0.655737704918033,0.484848484848485,0.236406619385343,0.57973174366617,0.462852263023057,0.333333333333333,0,
0,0.50251256281407,0.573770491803279,0.262626262626263,0.0591016548463357,0.459016393442623,0.221605465414176,0,0,
0.411764705882353,0.512562814070352,0.60655737704918,0.404040404040404,0.124113475177305,0.554396423248882,0.053800170794193,0.4,0,
0.294117647058824,0.547738693467337,0.614754098360656,0.262626262626263,0,0.536512667660209,0.199829205807003,0.65,0,
0.176470588235294,0.517587939698492,0.59016393442623,0.303030303030303,0.179669030732861,0.411326378539493,0.278394534585824,0.1,0,
0.0588235294117647,0.50251256281407,0.60655737704918,0.121212121212121,0.0543735224586288,0.290611028315946,0.0303159692570453,0.116666666666667,0,
0.0588235294117647,0.698492462311558,0.508196721311475,0.414141414141414,0.567375886524823,0.60655737704918,0.195559350982067,0,0,
0.117647058823529,0.648241206030151,0.60655737704918,0.262626262626263,0.242316784869976,0.49478390461997,0.219043552519214,0.0666666666666667,0,
0.117647058823529,0.407035175879397,0.59016393442623,0.151515151515152,0.0898345153664303,0.448584202682563,0.200256191289496,0.0666666666666667,0,
0.117647058823529,0.376884422110553,0.524590163934426,0.242424242424242,0.0650118203309693,0.442622950819672,0.12467976088813,0.2,0,
0.647058823529412,0.42713567839196,0.60655737704918,0,0,0.448584202682563,0.0947907771135781,0.233333333333333,0,
0.235294117647059,0.477386934673367,0.573770491803279,0.323232323232323,0,0.478390461997019,0.22801024765158,0.05,0,
0.0588235294117647,0.839195979899497,0.60655737704918,0.171717171717172,0.170212765957447,0.348733233979136,0.157557643040137,0.2,1,
0,0.949748743718593,0.852459016393443,0.252525252525253,0,0.511177347242921,0.152433817250213,0.333333333333333,1,
0,0.658291457286432,0.540983606557377,0.404040404040404,0,0.511177347242921,0.0503842869342442,0.0166666666666667,1,
0.529411764705882,0.703517587939699,0.770491803278688,0,0,0.487332339791356,0.280102476515798,0.4,1,
0.588235294117647,0.809045226130653,0.557377049180328,0.232323232323232,0.156028368794326,0.380029806259314,0.105892399658412,0.433333333333333,1,
0.823529411764706,0.50251256281407,0.639344262295082,0.252525252525253,0.217494089834515,0.545454545454546,0.142613151152861,0.416666666666667,1,
0.0588235294117647,0.909547738693467,0.524590163934426,0.303030303030303,0.212765957446809,0.508196721311475,0.106746370623399,0.283333333333333,1,
0.0588235294117647,0.949748743718593,0.491803278688525,0.232323232323232,1,0.448584202682563,0.13663535439795,0.633333333333333,1,
0.764705882352941,0.648241206030151,0,0.303030303030303,0,0.594634873323398,0.209649871904355,0.383333333333333,1,
0.529411764705882,0.562814070351759,0.672131147540984,0.242424242424242,0,0.42026825633383,0.514090520922289,0.483333333333333,1,
0,0.904522613065327,0.639344262295082,0.636363636363636,0.016548463356974,0.885245901639344,1,0.0666666666666667,1,
0,0.839195979899497,0,0,0,0.481371087928465,0.324935952177626,0.15,1,
0.176470588235294,0.64321608040201,0.59016393442623,0.252525252525253,0.224586288416076,0.482861400894188,0.201110162254483,0.1,1,
0.0588235294117647,0.442211055276382,0.245901639344262,0.424242424242424,0.117021276595745,0.819672131147541,0.178479931682323,0.0833333333333333,1,
0.470588235294118,0.542713567839196,0.573770491803279,0,0,0.454545454545455,0.374466268146883,0.2,1,
0.411764705882353,0.979899497487437,0.573770491803279,0.333333333333333,0.171394799054374,0.374068554396423,0.0362937660119556,0.566666666666667,1,
0.352941176470588,0.738693467336683,0.655737704918033,0,0,0.439642324888227,0.0426985482493595,0.483333333333333,1,
0.117647058823529,0.989949748743719,0.573770491803279,1,0,0.517138599105812,0.212211784799317,0.683333333333333,1,
0.705882352941177,0.422110552763819,0.59016393442623,0.313131313131313,0,0.442622950819672,0.0935098206660973,0.416666666666667,1,
0.0588235294117647,0.904522613065327,0,0,0,0.645305514157973,0.0871050384286934,0.333333333333333,1,
0.588235294117647,0.452261306532663,0.69672131147541,0.323232323232323,0,0.520119225037258,0.318958155422716,0.583333333333333,1,
0,0.904522613065327,0.737704918032787,0.262626262626263,0.106382978723404,0.543964232488823,0.100768573868488,0.233333333333333,1,
0.294117647058824,0.623115577889447,0.60655737704918,0,0,0.506706408345753,0.0606319385140905,0.283333333333333,1,
0.352941176470588,0.597989949748744,0.409836065573771,0.222222222222222,0.208037825059102,0.403874813710879,0.529461998292058,0.2,1,
0.235294117647059,0.924623115577889,0.639344262295082,0.393939393939394,0.3274231678487,0.551415797317437,0.0794192997438087,0.166666666666667,1,
0.294117647058824,0.582914572864322,0.60655737704918,0.292929292929293,0,0.481371087928465,0.248505550811272,0.233333333333333,1,
0.470588235294118,0.778894472361809,0.508196721311475,0.262626262626263,0.585106382978723,0.506706408345753,0.198548249359522,0.416666666666667,1,
