76,8,2,
0.176470588235294,0.618090452261307,0.819672131147541,0.353535353535354,0.283687943262411,0.853949329359165,0.342442356959863,0.0166666666666667,0,
0.0588235294117647,0.653266331658292,0.491803278688525,0.232323232323232,0.200945626477541,0.426229508196721,0.262169086251067,0,0,
0.0588235294117647,0.582914572864322,0.639344262295082,0.292929292929293,0.212765957446809,0.538002980625932,0.178479931682323,0.0666666666666667,0,
0.0588235294117647,0.653266331658292,0.573770491803279,0.131313131313131,0.124113475177305,0.385991058122206,0.168232280102476,0.0166666666666667,0,
0.176470588235294,0.512562814070352,0.60655737704918,0,0,0.439642324888227,0.0183603757472246,0.183333333333333,0,
0.176470588235294,0.5678391959799,0.360655737704918,0.131313131313131,0,0.333830104321908,0.0264730999146029,0.0166666666666667,0,
0.117647058823529,0.562814070351759,0.639344262295082,0.505050505050505,0.16548463356974,0.587183308494784,0.0414175918018787,0.05,0,
0.235294117647059,0.738693467336683,0.60655737704918,0.252525252525253,0.346335697399527,0.520119225037258,0.131084543125534,0.15,0,
0.294117647058824,0.738693467336683,0.614754098360656,0,0,0.445603576751118,0.15200683176772,0.116666666666667,0,
0.0588235294117647,0.658291457286432,0.524590163934426,0.141414141414141,0.490543735224586,0.353204172876304,0.132792485055508,0,0,
0.176470588235294,0.50251256281407,0.557377049180328,0.232323232323232,0.0957446808510638,0.470938897168405,0.371904355251921,0.116666666666667,0,
0.0588235294117647,0.758793969849246,0.491803278688525,0,0,0.388971684053651,0.0431255337318531,0.0166666666666667,0,
0.176470588235294,0.442211055276382,0.475409836065574,0.111111111111111,0.0638297872340425,0.369597615499255,0.0807002561912895,0.0166666666666667,0,
0.117647058823529,0.50251256281407,0.524590163934426,0.232323232323232,0,0.442622950819672,0.123825789923143,0,0,
0.176470588235294,0.743718592964824,0.540983606557377,0.252525252525253,0,0.484351713859911,0.0760034158838599,0.0166666666666667,0,
0.529411764705882,0.532663316582915,0.426229508196721,0,0,0.464977645305514,0.128949615713066,0.35,0,
0.235294117647059,0.989949748743719,0.573770491803279,0.393939393939394,0.879432624113475,0.546944858420268,0.961144321093083,0.166666666666667,0,
0.117647058823529,0.628140703517588,0.491803278688525,0.202020202020202,0.16548463356974,0.503725782414307,0.00426985482493595,0.166666666666667,0,
0.235294117647059,0.49748743718593,0.59016393442623,0.171717171717172,0,0.381520119225037,0.0922288642186165,0.116666666666667,0,
0.470588235294118,0.422110552763819,0.60655737704918,0.313131313131313,0,0.570789865871833,0.161827497865073,0.3,0,
0.411764705882353,0.532663316582915,0.754098360655738,0.181818181818182,0,0.338301043219076,0.0670367207514944,0.45,0,
0,0.698492462311558,0.508196721311475,0.171717171717172,0.24822695035461,0.329359165424739,0.0550811272416738,0,0,
0.176470588235294,0.391959798994975,0.573770491803279,0,0,0.484351713859911,0.0819812126387703,0.3,0,
0.0588235294117647,0,0.557377049180328,0.353535353535354,0,0.476900149031297,0.132792485055508,0.0166666666666667,0,
0.0588235294117647,0.592964824120603,0.475409836065574,0.363636363636364,0.111111111111111,0.496274217585693,0.0781383432963279,0.0333333333333333,0,
0.0588235294117647,0.412060301507538,0.524590163934426,0.131313131313131,0.112293144208038,0.315946348733234,0.143894107600342,0.0333333333333333,0,
0.352941176470588,0.557788944723618,0.524590163934426,0.393939393939394,0,0.509687034277198,0.0777113578138343,0.05,0,
0.529411764705882,0.603015075376884,0.59016393442623,0.222222222222222,0.066193853427896,0.309985096870343,0.279675491033305,0.45,0,
0.117647058823529,0.482412060301508,0.557377049180328,0.131313131313131,0.057919621749409,0.314456035767511,0.242954739538856,0.0833333333333333,0,
0.176470588235294,0.557788944723618,0.459016393442623,0.393939393939394,0,0.448584202682563,0.204526046114432,0.15,0,
0,0.537688442211055,0.622950819672131,0,0,0.675111773472429,0.259607173356106,0.05,0,
0.235294117647059,0.552763819095477,0.622950819672131,0.202020202020202,0.118203309692671,0.423248882265276,0.0170794192997438,0.1,0,
0.176470588235294,0.753768844221106,0.622950819672131,0,0,0.312965722801788,0.0550811272416738,0.266666666666667,0,
0.0588235294117647,0.487437185929648,0.557377049180328,0.212121212121212,0,0.405365126676602,0.434244235695986,0.0166666666666667,0,
0.0588235294117647,0.824120603015075,0.672131147540984,0.434343434343434,0.0791962174940898,0.488822652757079,0.112297181895816,0.483333333333333,0,
0.411764705882353,0.417085427135678,0.639344262295082,0.262626262626263,0.0839243498817967,0.436661698956781,0.294192997438087,0.25,0,
0.117647058823529,0.527638190954774,0.475409836065574,0.404040404040404,0.111111111111111,0.520119225037258,0.0627668659265585,0.0666666666666667,0,
0,0.733668341708543,0.672131147540984,0,0,0.603576751117735,0.727156276686593,0.383333333333333,0,
0.0588235294117647,0.542713567839196,0.491803278688525,0.464646464646465,0.210401891252955,0.529061102831595,0.143894107600342,0.05,0,
0.588235294117647,0.698492462311558,0.655737704918033,0,0,0.403874813710879,0.58198121263877,0.6,0,
0.0588235294117647,0.597989949748744,0.721311475409836,0.414141414141414,0.200945626477541,0.675111773472429,0.183176771989752,0.0833333333333333,0,
0,0.829145728643216,0.737704918032787,0.333333333333333,0.803782505910166,0.779433681073025,0.149017933390265,0.0333333333333333,0,
0.294117647058824,0.442211055276382,0.639344262295082,0.303030303030303,0,0.411326378539493,0.0768573868488471,0.266666666666667,0,
0.294117647058824,0.608040201005025,0.59016393442623,0.232323232323232,0.132387706855792,0.390461997019374,0.0713065755764304,0.15,0,
0.0588235294117647,0.407035175879397,0.59016393442623,0.181818181818182,0.0472813238770686,0.396423248882265,0.087532023911187,0.05,0,
0,0.457286432160804,0.557377049180328,0.323232323232323,0.24822695035461,0.594634873323398,0.129376601195559,0.0666666666666667,0,
0.0588235294117647,0.35678391959799,0.39344262295082,0.181818181818182,0.0898345153664303,0.304023845007452,0.104611443210931,0.0166666666666667,0,
0.0588235294117647,0.557788944723618,0.770491803278688,0,0,0.488822652757079,0.0798462852263023,0.4,0,
0.0588235294117647,0.396984924623116,0.614754098360656,0.303030303030303,0,0.476900149031297,0.135781383432963,0.0166666666666667,0,
0.352941176470588,0.517587939698492,0.540983606557377,0,0,0.362146050670641,0.0730145175064048,0.133333333333333,0,
0.0588235294117647,0.723618090452261,0.672131147540984,0.464646464646465,0.212765957446809,0.687034277198212,0.109735269000854,0.416666666666667,1,
0.352941176470588,0.814070351758794,0.508196721311475,0,0,0.362146050670641,0.0426985482493595,0.483333333333333,1,
0.764705882352941,0.633165829145729,0.737704918032787,0,0,0.646795827123696,0.215627668659266,0.35,1,
0.235294117647059,0.628140703517588,0.655737704918033,0,0,0.481371087928465,0.195559350982067,0.1,1,
0,0.592964824120603,0.688524590163934,0.474747474747475,0.271867612293144,0.682563338301043,0.201964133219471,0.166666666666667,1,
0.529411764705882,0.824120603015075,0.639344262295082,0,0,0.488822652757079,0.0298889837745517,0.4,1,
0.470588235294118,0.934673366834171,0.737704918032787,0.353535353535354,0.265957446808511,0.514157973174367,0.14730999146029,0.266666666666667,1,
0.352941176470588,0.628140703517588,0.639344262295082,0.313131313131313,0,0.411326378539493,0.207941929974381,0.466666666666667,1,
0.117647058823529,0.793969849246231,0.737704918032787,0,0,0.470938897168405,0.310418445772844,0.75,1,
1,0.819095477386935,0.59016393442623,0.414141414141414,0.134751773049645,0.609538002980626,0.315542271562767,0.433333333333333,1,
0.235294117647059,0.587939698492462,0.508196721311475,0.121212121212121,0,0.442622950819672,0.128949615713066,0.15,1,
0.235294117647059,0.78391959798995,0.614754098360656,0,0,0.719821162444113,0.0683176771989752,0.183333333333333,1,
0.588235294117647,0.648241206030151,0.508196721311475,0.363636363636364,0,0.614008941877794,0.154995730145175,0.283333333333333,1,
0.529411764705882,0.653266331658292,0.573770491803279,0,0,0.509687034277198,0.245089666951324,0.4,1,
0.0588235294117647,0.512562814070352,0.60655737704918,0,0,0.588673621460507,0.091801878736123,0.35,1,
0.647058823529412,0.778894472361809,0.622950819672131,0.282828282828283,0.177304964539007,0.496274217585693,0.544406490179334,0.5,1,
0.0588235294117647,0.613065326633166,0.524590163934426,0.323232323232323,0.184397163120567,0.523099850968703,0.262169086251067,0.15,1,
0.176470588235294,0.793969849246231,0.622950819672131,0.363636363636364,0.289598108747045,0.470938897168405,0.330059777967549,0.116666666666667,1,
0.529411764705882,0.829145728643216,0.721311475409836,0,0,0.453055141579732,0.0956447480785653,0.466666666666667,1,
0,0.728643216080402,0,0,0,0.658718330849479,0.235695986336465,0.166666666666667,1,
0.411764705882353,0.804020100502513,0.442622950819672,0.323232323232323,0.206855791962175,0.454545454545455,0.217762596071734,0.3,1,
0.470588235294118,0.547738693467337,0.622950819672131,0.393939393939394,0.134751773049645,0.415797317436662,0.239965841161401,0.166666666666667,1,
0.588235294117647,0.743718592964824,0.688524590163934,0.484848484848485,0.280141843971631,0.560357675111774,0.394107600341588,0.5,1,
0.176470588235294,0.969849246231156,0.573770491803279,0.313131313131313,0,0.520119225037258,0.069598633646456,0.0666666666666667,1,
0,0.597989949748744,0,0,0,0.482861400894188,0.0269000853970965,0.05,1,
0.411764705882353,0.763819095477387,0.721311475409836,0.444444444444444,0,0.745156482861401,0.110589239965841,0.25,1,
