76,8,2,
0.411764705882353,0.71356783919598,0.491803278688525,0.333333333333333,0.224586288416076,0.429210134128167,0.2600341588386,0.666666666666667,0,
0.0588235294117647,0.487437185929648,0.573770491803279,0.404040404040404,0,0.567809239940388,0.0597779675491033,0.15,0,
0.117647058823529,0.452261306532663,0.491803278688525,0,0,0.350223546944858,0.0482493595217763,0.0666666666666667,0,
0,0.673366834170854,0.475409836065574,0.202020202020202,0.343971631205674,0.39344262295082,0.116994022203245,0,0,
0,0.527638190954774,0.524590163934426,0.414141414141414,0.167848699763593,0.618479880774963,0.0405636208368915,0.0166666666666667,0,
0.294117647058824,0.532663316582915,0.672131147540984,0.303030303030303,0,0.588673621460507,0.0888129803586678,0.283333333333333,0,
0.235294117647059,0.613065326633166,0.557377049180328,0,0,0.521609538002981,0.134927412467976,0.133333333333333,0,
0.411764705882353,0.597989949748744,0,0,0,0.375558867362146,0.055935098206661,0.266666666666667,0,
0.647058823529412,0.693467336683417,0.622950819672131,0,0,0.49478390461997,0.14602903501281,0.233333333333333,0,
0.0588235294117647,0.547738693467337,0.459016393442623,0.212121212121212,0.159574468085106,0.375558867362146,0.322374039282664,0.0333333333333333,0,
0.117647058823529,0.49748743718593,0.573770491803279,0.161616161616162,0.0520094562647754,0.304023845007452,0.0670367207514944,0.1,0,
0.411764705882353,0.628140703517588,0.704918032786885,0,0,0.560357675111774,0.0964987190435525,0.5,0,
0.588235294117647,0.613065326633166,0.639344262295082,0.313131313131313,0,0.411326378539493,0.18531169940222,0.4,0,
0.588235294117647,0.472361809045226,0.59016393442623,0.181818181818182,0,0.344262295081967,0.220751494449189,0.583333333333333,0,
0.352941176470588,0.527638190954774,0.655737704918033,0.282828282828283,0,0.484351713859911,0.341588385994876,0.0833333333333333,0,
0,0.532663316582915,0.573770491803279,0.373737373737374,0.174940898345154,0.587183308494784,0.225021349274125,0.0166666666666667,0,
0.176470588235294,0.371859296482412,0.557377049180328,0.282828282828283,0.0531914893617021,0.442622950819672,0.091801878736123,0.0333333333333333,0,
0.294117647058824,0.4321608040201,0.557377049180328,0.282828282828283,0.0839243498817967,0.450074515648286,0.122117847993168,0.05,0,
0,0.5678391959799,0.655737704918033,0.161616161616162,0,0.461997019374069,0.339880444064902,0,0,
0,0.28643216080402,0.491803278688525,0,0,0.323397913561848,0.280529461998292,0.766666666666667,0,
0.176470588235294,0.542713567839196,0.508196721311475,0.242424242424242,0,0.387481371087929,0.0619128949615713,0.0666666666666667,0,
0,0.628140703517588,0.557377049180328,0,0,0.368107302533532,0.0546541417591802,0,0,
0.0588235294117647,0,0.60655737704918,0.202020202020202,0.0271867612293144,0.412816691505216,0.0943637916310845,0,0,
0.235294117647059,0.638190954773869,0.721311475409836,0.111111111111111,0.183215130023641,0.514157973174367,0.22203245089667,0.116666666666667,0,
0.411764705882353,0.472361809045226,0.524590163934426,0.252525252525253,0.0933806146572104,0.496274217585693,0.281810418445773,0.333333333333333,0,
0.0588235294117647,0,0.39344262295082,0.202020202020202,0,0.368107302533532,0.0264730999146029,0.0166666666666667,0,
0,0.587939698492462,0.540983606557377,0.313131313131313,0.222222222222222,0.459016393442623,0.177198975234842,0.0166666666666667,0,
0.0588235294117647,0.407035175879397,0.60655737704918,0.414141414141414,0.0673758865248227,0.690014903129657,0.43467122117848,0.183333333333333,0,
0.117647058823529,0.603015075376884,0.442622950819672,0,0,0.399403874813711,0.160973526900085,0.1,0,
0,0.467336683417085,0.491803278688525,0,0,0.526080476900149,0.0789923142613151,0.0666666666666667,0,
0,0.603015075376884,0.60655737704918,0.181818181818182,0.074468085106383,0.454545454545455,0.0883859948761742,0.0833333333333333,0,
0.294117647058824,0.366834170854271,0.491803278688525,0,0,0.399403874813711,0.0811272416737831,0.1,0,
0,0.371859296482412,0.426229508196721,0.101010101010101,0.0425531914893617,0.414307004470939,0.0815542271562767,0.0166666666666667,0,
0.411764705882353,0.668341708542714,0.721311475409836,0.151515151515152,0.183215130023641,0.482861400894188,0.0785653287788215,0.266666666666667,0,
0.0588235294117647,0.768844221105528,0.672131147540984,0.424242424242424,0.573286052009456,0.605067064083458,0.2600341588386,0.0333333333333333,0,
0.235294117647059,0.49748743718593,0.557377049180328,0.383838383838384,0,0.488822652757079,0.0286080273270709,0.2,0,
0.0588235294117647,0.537688442211055,0.409836065573771,0.191919191919192,0,0.421758569299553,0.0439795046968403,0.133333333333333,0,
0.470588235294118,0.603015075376884,0.639344262295082,0,0,0.3725782414307,0.14133219470538,0.716666666666667,0,
0.0588235294117647,0.587939698492462,0.491803278688525,0.232323232323232,0.125295508274232,0.503725782414307,0.165670367207515,0.1,0,
0.117647058823529,0.64321608040201,0.524590163934426,0.424242424242424,0,0.596125186289121,0.436806148590948,0.05,0,
0.352941176470588,0.49748743718593,0.491803278688525,0.191919191919192,0.0638297872340425,0.400894187779434,0.178906917164816,0.183333333333333,0,
0.235294117647059,0.477386934673367,0.491803278688525,0.323232323232323,0,0.527570789865872,0.0879590093936806,0.116666666666667,0,
0.117647058823529,0.407035175879397,0.491803278688525,0.222222222222222,0,0.412816691505216,0.0905209222886422,0.0666666666666667,0,
0.0588235294117647,0.49748743718593,0.59016393442623,0.303030303030303,0.0212765957446809,0.575260804769002,0.142613151152861,0,0,
0,0.457286432160804,0.655737704918033,0,0,0.482861400894188,0.22331340734415,0.1,0,
0.294117647058824,0.557788944723618,0.59016393442623,0.282828282828283,0,0.35618479880775,0.140478223740393,0.1,0,
0.764705882352941,0.532663316582915,0.573770491803279,0,0,0.509687034277198,0.073868488471392,0.516666666666667,0,
0.235294117647059,0.517587939698492,0.491803278688525,0.333333333333333,0.226950354609929,0.357675111773472,0.379163108454313,0.2,0,
0.411764705882353,0.407035175879397,0.639344262295082,0.404040404040404,0.0567375886524823,0.695976154992549,0.0781383432963279,0.35,0,
0.0588235294117647,0.487437185929648,0.524590163934426,0.191919191919192,0.0969267139479905,0.27123695976155,0.0943637916310845,0,0,
0.882352941176471,0.683417085427136,0.573770491803279,0.323232323232323,0.130023640661939,0.55290611028316,0.0320239111870196,0.366666666666667,1,
0.529411764705882,0.728643216080402,0.655737704918033,0.464646464646465,0.153664302600473,0.564828614008942,0.23868488471392,0.316666666666667,1,
0,0.944723618090452,0.672131147540984,0.141414141414141,0.218676122931442,0.476900149031297,0.257899231426132,0.0166666666666667,1,
0.352941176470588,0.673366834170854,0.655737704918033,0.373737373737374,0.437352245862884,0.688524590163935,0.0683176771989752,0.416666666666667,1,
0.117647058823529,0.874371859296482,0.721311475409836,0.373737373737374,0.141843971631206,0.663189269746647,0.242527754056362,0.05,1,
0.352941176470588,0.743718592964824,0.59016393442623,0.353535353535354,0,0.500745156482861,0.234415029888984,0.483333333333333,1,
0.647058823529412,0.683417085427136,0.688524590163934,0.353535353535354,0.153664302600473,0.421758569299553,0.0777113578138343,0.35,1,
0.411764705882353,0.939698492462312,0.409836065573771,0.333333333333333,0.463356973995272,0.50521609538003,0.319385140905209,0.216666666666667,1,
0.470588235294118,0.50251256281407,0.60655737704918,0.404040404040404,0.254137115839243,0.587183308494784,0.248932536293766,0.366666666666667,1,
0.0588235294117647,0.864321608040201,0.557377049180328,0.494949494949495,0.684397163120567,0.631892697466468,0.266438941076003,0.116666666666667,1,
0.0588235294117647,0.909547738693467,0.639344262295082,0.424242424242424,0.346335697399527,0.596125186289121,0.503842869342442,0.0166666666666667,1,
0.235294117647059,0.723618090452261,0.672131147540984,0.323232323232323,0,0.573770491803279,0.203245089666951,0.266666666666667,1,
0.294117647058824,0.487437185929648,0.622950819672131,0.272727272727273,0,0.530551415797317,0.128095644748079,0.516666666666667,1,
0,0.64321608040201,0.557377049180328,0.191919191919192,0.212765957446809,0.454545454545455,0.56063193851409,0.0666666666666667,1,
0,0.608040201005025,0.540983606557377,0.303030303030303,0.195035460992908,0.511177347242921,0.0533731853116994,0.2,1,
0.235294117647059,0.547738693467337,0.524590163934426,0.444444444444444,0.117021276595745,0.518628912071535,0.353116994022203,0.0833333333333333,1,
0.235294117647059,0.793969849246231,0.639344262295082,0,0,0.490312965722802,0.309564474807857,0.166666666666667,1,
0,0.889447236180904,0.491803278688525,0.292929292929293,0.565011820330969,0.51564828614009,0.424423569598634,0,1,
0.411764705882353,0.809045226130653,0.704918032786885,0,0,0.453055141579732,0.0371477369769428,0.433333333333333,1,
0.705882352941177,0.703517587939699,0.672131147540984,0.434343434343434,0.384160756501182,0.584202682563338,0.192143467122118,0.616666666666667,1,
0.529411764705882,0.512562814070352,0.622950819672131,0.373737373737374,0,0.490312965722802,0.25064047822374,0.416666666666667,1,
0.117647058823529,0.452261306532663,0.557377049180328,0.424242424242424,0,0.56929955290611,0.181468830059778,0.1,1,
0.0588235294117647,0.64321608040201,0.39344262295082,0.454545454545455,0.229314420803783,0.603576751117735,0.228437233134073,0.05,1,
0.705882352941177,0.462311557788945,0.508196721311475,0.0707070707070707,0.304964539007092,0.411326378539493,0.362083689154569,0.383333333333333,1,
0.352941176470588,0.522613065326633,0.60655737704918,0.181818181818182,0.184397163120567,0.445603576751118,0.274978650725875,0.333333333333333,1,
0.117647058823529,0.723618090452261,0.475409836065574,0.333333333333333,0.159574468085106,0.470938897168405,0.146883005977797,0.0666666666666667,1,
