77,8,2,
0,0.557788944723618,0.532786885245902,0,0,0.366616989567809,0.248505550811272,0.166666666666667,0,
0,0.391959798994975,0.721311475409836,0.292929292929293,0.0472813238770686,0.549925484351714,0.15200683176772,0,0,
0.117647058823529,0.57286432160804,0.557377049180328,0.222222222222222,0,0.427719821162444,0.00597779675491033,0.0666666666666667,0,
0.176470588235294,0.371859296482412,0.557377049180328,0.282828282828283,0.0531914893617021,0.442622950819672,0.091801878736123,0.0333333333333333,0,
0.117647058823529,0.618090452261307,0.39344262295082,0.323232323232323,0.195035460992908,0.6274217585693,0.188727583262169,0.0833333333333333,0,
0.235294117647059,0.582914572864322,0.59016393442623,0.121212121212121,0.102836879432624,0.329359165424739,0.164389410760034,0.266666666666667,0,
0.117647058823529,0.613065326633166,0.426229508196721,0.434343434343434,0.186761229314421,0.539493293591654,0.315115286080273,0.116666666666667,0,
0.117647058823529,0.547738693467337,0.754098360655738,0,0,0.636363636363636,0.327497865072588,0.55,0,
0.294117647058824,0.547738693467337,0.614754098360656,0.262626262626263,0,0.536512667660209,0.199829205807003,0.65,0,
0.117647058823529,0.437185929648241,0.475409836065574,0.161616161616162,0.0614657210401891,0.487332339791356,0.0375747224594364,0.0666666666666667,0,
0.352941176470588,0.829145728643216,0.557377049180328,0.262626262626263,0.198581560283688,0.500745156482861,0.236122971818958,0.466666666666667,0,
0,0.522613065326633,0.524590163934426,0.232323232323232,0.137115839243499,0.414307004470939,0.160546541417592,0.0333333333333333,0,
0.588235294117647,0.472361809045226,0.59016393442623,0.181818181818182,0,0.344262295081967,0.220751494449189,0.583333333333333,0,
0.0588235294117647,0.487437185929648,0.540983606557377,0.151515151515152,0.16548463356974,0.34575260804769,0.17463706233988,0.0166666666666667,0,
0,0.829145728643216,0.622950819672131,0.434343434343434,0.301418439716312,0.713859910581222,0.0772843723313407,0.0833333333333333,0,
0.176470588235294,0.49748743718593,0.442622950819672,0.191919191919192,0.101654846335697,0.381520119225037,0.0324508966695132,0.05,0,
0.0588235294117647,0.723618090452261,0.672131147540984,0.404040404040404,0,0.615499254843517,0.225875320239112,0.116666666666667,0,
0.235294117647059,0.773869346733668,0.59016393442623,0.292929292929293,0.148936170212766,0.466467958271237,0.111016225448335,0.266666666666667,0,
0,0.472361809045226,0.573770491803279,0.272727272727273,0.135933806146572,0.648286140089419,0.114859094790777,0,0,
0.411764705882353,0.407035175879397,0.639344262295082,0.404040404040404,0.0567375886524823,0.695976154992549,0.0781383432963279,0.35,0,
0.117647058823529,0.653266331658292,0.786885245901639,0,0,0.336810730253353,0.0811272416737831,0,0,
0,0.592964824120603,0.524590163934426,0.232323232323232,0.105200945626478,0,0.705807002561913,0,0,
0.0588235294117647,0.467336683417085,0.573770491803279,0.313131313131313,0,0.453055141579732,0.101195559350982,0.0333333333333333,0,
0.352941176470588,0.437185929648241,0.655737704918033,0,0,0.34575260804769,0.00256191289496157,0.183333333333333,0,
0.117647058823529,0.442211055276382,0.60655737704918,0.191919191919192,0.0626477541371158,0.432190760059613,0.0644748078565329,0.0166666666666667,0,
0.0588235294117647,0.527638190954774,0.475409836065574,0,0,0.362146050670641,0.0465414175918019,0,0,
0.588235294117647,0.341708542713568,0.868852459016393,0.232323232323232,0.057919621749409,0.529061102831595,0.0883859948761742,0.433333333333333,0,
0.0588235294117647,0.698492462311558,0.377049180327869,0.191919191919192,0.0981087470449173,0.427719821162444,0.245943637916311,0.0166666666666667,0,
0.235294117647059,0.733668341708543,0.69672131147541,0.272727272727273,0.118203309692671,0.43070044709389,0.0473953885567891,0.1,0,
0.0588235294117647,0.653266331658292,0.573770491803279,0.131313131313131,0.124113475177305,0.385991058122206,0.168232280102476,0.0166666666666667,0,
0.470588235294118,0.592964824120603,0.59016393442623,0.191919191919192,0,0.344262295081967,0.596925704526046,0.416666666666667,0,
0,0.738693467336683,0.69672131147541,0.545454545454545,0,0.637853949329359,0.126814688300598,0.05,0,
0,0.633165829145729,0.704918032786885,0.272727272727273,0.141843971631206,0.408345752608048,0.186592655849701,0,0,
0.176470588235294,0.557788944723618,0.508196721311475,0,0,0.336810730253353,0.0273270708795901,0,0,
0.176470588235294,0.753768844221106,0.622950819672131,0,0,0.312965722801788,0.0550811272416738,0.266666666666667,0,
0.352941176470588,0.467336683417085,0.409836065573771,0.303030303030303,0.0756501182033097,0.427719821162444,0.118701964133219,0.0333333333333333,0,
0.117647058823529,0.527638190954774,0.475409836065574,0.404040404040404,0.111111111111111,0.520119225037258,0.0627668659265585,0.0666666666666667,0,
0.117647058823529,0.562814070351759,0.614754098360656,0.323232323232323,0,0.53204172876304,0.0298889837745517,0,0,
0.0588235294117647,0.547738693467337,0.475409836065574,0.181818181818182,0.137115839243499,0.424739195230999,0.0602049530315969,0.0166666666666667,0,
0.411764705882353,0.899497487437186,0.778688524590164,0.313131313131313,0,0.509687034277198,0.0367207514944492,0.65,0,
0.294117647058824,0.683417085427136,0.672131147540984,0,0,0,0.239965841161401,0.8,0,
0.117647058823529,0.452261306532663,0.573770491803279,0.171717171717172,0,0.406855439642325,0.00298889837745517,0.0166666666666667,0,
0.352941176470588,0.517587939698492,0.59016393442623,0.323232323232323,0.224586288416076,0.561847988077496,0.105038428693424,0.566666666666667,0,
0.117647058823529,0.557788944723618,0.491803278688525,0,0,0.390461997019374,0.113151152860803,0.0333333333333333,0,
0.294117647058824,0.698492462311558,0.524590163934426,0.353535353535354,0.16548463356974,0.426229508196721,0.142186165670367,0.0833333333333333,0,
0.0588235294117647,0,0.557377049180328,0.353535353535354,0,0.476900149031297,0.132792485055508,0.0166666666666667,0,
0.0588235294117647,0.437185929648241,0.557377049180328,0.343434343434343,0.091016548463357,0.560357675111774,0.137916310845431,0.05,0,
0.0588235294117647,0.412060301507538,0.524590163934426,0.131313131313131,0.112293144208038,0.315946348733234,0.143894107600342,0.0333333333333333,0,
0.0588235294117647,0.407035175879397,0.60655737704918,0.414141414141414,0.0673758865248227,0.690014903129657,0.43467122117848,0.183333333333333,0,
0.352941176470588,0.773869346733668,0.60655737704918,0.323232323232323,0.228132387706856,0.436661698956781,0.324935952177626,0.3,0,
0,0.608040201005025,0.540983606557377,0.303030303030303,0.195035460992908,0.511177347242921,0.0533731853116994,0.2,1,
0.764705882352941,0.763819095477387,0.737704918032787,0.333333333333333,0.0342789598108747,0.399403874813711,0.278821520068318,0.366666666666667,1,
0.176470588235294,0.708542713567839,0,0,0,0.447093889716841,0.291631084543126,0.1,1,
0.176470588235294,0.562814070351759,0.60655737704918,0.303030303030303,0,0.470938897168405,0.0508112724167378,0.0666666666666667,1,
0.352941176470588,0.814070351758794,0.508196721311475,0,0,0.362146050670641,0.0426985482493595,0.483333333333333,1,
0.117647058823529,0.512562814070352,0.704918032786885,0.363636363636364,0.141843971631206,0.678092399403875,0.0209222886421862,0.0333333333333333,1,
0.117647058823529,0.874371859296482,0.721311475409836,0.373737373737374,0.141843971631206,0.663189269746647,0.242527754056362,0.05,1,
0.764705882352941,0.793969849246231,0.934426229508197,0,0,0.630402384500745,0.0764304013663535,0.383333333333333,1,
0.235294117647059,0.683417085427136,0.573770491803279,0,0,0.464977645305514,0.471391972672929,0.0166666666666667,1,
0.294117647058824,0.688442211055276,0.885245901639344,0,0,0.727272727272727,0.0636208368915457,0.266666666666667,1,
0.294117647058824,0.582914572864322,0.60655737704918,0.292929292929293,0,0.481371087928465,0.248505550811272,0.233333333333333,1,
0,0.522613065326633,0.524590163934426,0.373737373737374,0.0756501182033097,0.500745156482861,0.184457728437233,0.0166666666666667,1,
0.352941176470588,0.954773869346734,0.754098360655738,0,0,0.529061102831595,0.085397096498719,0.75,1,
0.0588235294117647,0.628140703517588,0.409836065573771,0.404040404040404,0.197399527186761,0.496274217585693,0.377455166524338,0.116666666666667,1,
0.705882352941177,0.703517587939699,0.672131147540984,0.434343434343434,0.384160756501182,0.584202682563338,0.192143467122118,0.616666666666667,1,
0.470588235294118,0.547738693467337,0.622950819672131,0.393939393939394,0.134751773049645,0.415797317436662,0.239965841161401,0.166666666666667,1,
0.588235294117647,0.844221105527638,0.60655737704918,0,0,0.566318926974665,0.19598633646456,0.216666666666667,1,
0,0.899497487437186,0.409836065573771,0.363636363636364,0.187943262411348,0.563338301043219,0.160973526900085,0.0166666666666667,1,
0.470588235294118,0.668341708542714,0.59016393442623,0,0,0.490312965722802,0.0819812126387703,0.3,1,
0.352941176470588,0.628140703517588,0.622950819672131,0,0,0.503725782414307,0.0183603757472246,0.55,1,
0.294117647058824,0.623115577889447,0.60655737704918,0,0,0.506706408345753,0.0606319385140905,0.283333333333333,1,
0.176470588235294,0.969849246231156,0.573770491803279,0.313131313131313,0,0.520119225037258,0.069598633646456,0.0666666666666667,1,
0.0588235294117647,0.597989949748744,0.704918032786885,0.393939393939394,0.260047281323877,0.679582712369598,0.311699402220325,0.133333333333333,1,
0,0.5678391959799,0.622950819672131,0,0,0.496274217585693,0.085397096498719,0.0333333333333333,1,
0,0.703517587939699,0.532786885245902,0.262626262626263,0.153664302600473,0.634873323397914,0.150725875320239,0.05,1,
0.411764705882353,0.532663316582915,0.491803278688525,0.242424242424242,0,0.394932935916542,0.0930828351836037,0.133333333333333,1,
0.411764705882353,0.939698492462312,0.409836065573771,0.333333333333333,0.463356973995272,0.50521609538003,0.319385140905209,0.216666666666667,1,
