77,8,2,
0.0588235294117647,0.402010050251256,0.60655737704918,0.111111111111111,0.0709219858156028,0.447093889716841,0.191716481639624,0.0166666666666667,0,
0.0588235294117647,0.582914572864322,0.573770491803279,0.282828282828283,0,0.408345752608048,0.053800170794193,0,0,
0.0588235294117647,0.537688442211055,0.59016393442623,0.303030303030303,0.0969267139479905,0.459016393442623,0.317250213492741,0.05,0,
0.176470588235294,0.71356783919598,0.655737704918033,0.151515151515152,0,0.482861400894188,0.0520922288642186,0.7,0,
0.352941176470588,0.462311557788945,0.508196721311475,0.323232323232323,0.148936170212766,0.476900149031297,0.00298889837745517,0.416666666666667,0,
0.705882352941177,0.608040201005025,0.639344262295082,0.171717171717172,0,0.394932935916542,0.0772843723313407,0.683333333333333,0,
0.470588235294118,0.422110552763819,0.60655737704918,0.313131313131313,0,0.570789865871833,0.161827497865073,0.3,0,
0,0.4321608040201,0.557377049180328,0.323232323232323,0,0.533532041728763,0.0683176771989752,0.0666666666666667,0,
0.0588235294117647,0.678391959798995,0.442622950819672,0,0,0.397913561847988,0.2600341588386,0.683333333333333,0,
0.470588235294118,0.49748743718593,0.688524590163934,0,0,0.527570789865872,0.132365499573015,0.483333333333333,0,
0.0588235294117647,0.50251256281407,0.59016393442623,0.121212121212121,0.08274231678487,0.377049180327869,0.247651579846285,0.116666666666667,0,
0.0588235294117647,0.457286432160804,0.524590163934426,0.242424242424242,0,0.435171385991058,0.0486763450042699,0,0,
0.235294117647059,0.57286432160804,0.532786885245902,0,0,0.326378539493294,0.151152860802733,0.266666666666667,0,
0.176470588235294,0.437185929648241,0.491803278688525,0.181818181818182,0,0.324888226527571,0.156276686592656,0,0,
0.176470588235294,0.904522613065327,0.524590163934426,0.252525252525253,0.08274231678487,0.506706408345753,0.0824081981212639,0.0833333333333333,0,
0.0588235294117647,0.703517587939699,0.60655737704918,0.262626262626263,0.212765957446809,0.359165424739195,0.320239111870196,0.0333333333333333,0,
0.352941176470588,0.462311557788945,0.754098360655738,0,0,0.296572280178838,0.0469684030742955,0.116666666666667,0,
0.470588235294118,0.50251256281407,0.622950819672131,0,0,0.576751117734724,0.0478223740392827,0.35,0,
0.0588235294117647,0.49748743718593,0.59016393442623,0.303030303030303,0.0212765957446809,0.575260804769002,0.142613151152861,0,0,
0.0588235294117647,0.477386934673367,0.60655737704918,0.212121212121212,0.0862884160756501,0.385991058122206,0.254056362083689,0.25,0,
0.294117647058824,0.442211055276382,0.639344262295082,0.303030303030303,0,0.411326378539493,0.0768573868488471,0.266666666666667,0,
0.0588235294117647,0.35678391959799,0.39344262295082,0.181818181818182,0.0898345153664303,0.304023845007452,0.104611443210931,0.0166666666666667,0,
0,0.457286432160804,0.557377049180328,0.323232323232323,0.24822695035461,0.594634873323398,0.129376601195559,0.0666666666666667,0,
0.0588235294117647,0.407035175879397,0.59016393442623,0.181818181818182,0.0472813238770686,0.396423248882265,0.087532023911187,0.05,0,
0.0588235294117647,0.557788944723618,0.770491803278688,0,0,0.488822652757079,0.0798462852263023,0.4,0,
0.0588235294117647,0.482412060301508,0.524590163934426,0.272727272727273,0.102836879432624,0.49478390461997,0.0900939368061486,0,0,
0,0.628140703517588,0.786885245901639,0,0,0.33532041728763,0.0785653287788215,0,0,
0.0588235294117647,0.633165829145729,0.459016393442623,0.292929292929293,0.179669030732861,0.427719821162444,0.308710503842869,0,0,
0.0588235294117647,0.386934673366834,0.459016393442623,0.303030303030303,0.066193853427896,0.496274217585693,0.500853970964987,0.05,0,
0.0588235294117647,0.402010050251256,0.450819672131148,0,0,0.284649776453055,0.0768573868488471,0,0,
0.176470588235294,0.613065326633166,0.639344262295082,0,0,0.342771982116244,0.0751494449188728,0.316666666666667,0,
0.176470588235294,0.618090452261307,0.819672131147541,0.353535353535354,0.283687943262411,0.853949329359165,0.342442356959863,0.0166666666666667,0,
0,0.487437185929648,0.524590163934426,0.363636363636364,0.118203309692671,0.548435171385991,0.222886421861657,0.0666666666666667,0,
0,0.371859296482412,0.426229508196721,0.101010101010101,0.0425531914893617,0.414307004470939,0.0815542271562767,0.0166666666666667,0,
0,0.733668341708543,0.672131147540984,0,0,0.603576751117735,0.727156276686593,0.383333333333333,0,
0.176470588235294,0.417085427135678,0.475409836065574,0.313131313131313,0.0212765957446809,0.511177347242921,0.110162254483348,0.0666666666666667,0,
0.117647058823529,0.542713567839196,0.508196721311475,0.323232323232323,0.066193853427896,0.375558867362146,0.0213492741246798,0,0,
0.0588235294117647,0.50251256281407,0.540983606557377,0.151515151515152,0.066193853427896,0.351713859910581,0.251067463706234,0.0833333333333333,0,
0.117647058823529,0.462311557788945,0.426229508196721,0,0,0.448584202682563,0.0269000853970965,0.0166666666666667,0,
0,0.688442211055276,0.573770491803279,0.383838383838384,0,0.49478390461997,0.0392826643894108,0.0166666666666667,0,
0.176470588235294,0.391959798994975,0.573770491803279,0,0,0.484351713859911,0.0819812126387703,0.3,0,
0.411764705882353,0.472361809045226,0.524590163934426,0.252525252525253,0.0933806146572104,0.496274217585693,0.281810418445773,0.333333333333333,0,
0.0588235294117647,0.64321608040201,0.672131147540984,0.171717171717172,0.216312056737589,0.409836065573771,0.015798462852263,0.0166666666666667,0,
0,0.527638190954774,0.557377049180328,0.222222222222222,0,0.29806259314456,0.067463706233988,0.0166666666666667,0,
0.0588235294117647,0.422110552763819,0.524590163934426,0.232323232323232,0.135933806146572,0.549925484351714,0.167805294619983,0.116666666666667,0,
0.117647058823529,0.562814070351759,0.704918032786885,0.424242424242424,0.189125295508274,0.572280178837556,0.071733561058924,0.116666666666667,0,
0.0588235294117647,0.35678391959799,0.508196721311475,0,0,0.324888226527571,0.144321093082835,0.0833333333333333,0,
0.0588235294117647,0.447236180904523,0.622950819672131,0.343434343434343,0.0437352245862884,0.464977645305514,0.0486763450042699,0.0333333333333333,0,
0.294117647058824,0.49748743718593,0.60655737704918,0.272727272727273,0,0.432190760059613,0.0533731853116994,0.183333333333333,0,
0.0588235294117647,0.507537688442211,0.409836065573771,0.151515151515152,0.0425531914893617,0.360655737704918,0.191289496157131,0.0833333333333333,0,
0.529411764705882,0.653266331658292,0.573770491803279,0,0,0.509687034277198,0.245089666951324,0.4,1,
0,0.658291457286432,0.540983606557377,0.404040404040404,0,0.511177347242921,0.0503842869342442,0.0166666666666667,1,
0.588235294117647,0.648241206030151,0.508196721311475,0.363636363636364,0,0.614008941877794,0.154995730145175,0.283333333333333,1,
0.235294117647059,0.733668341708543,0.754098360655738,0,0,0.464977645305514,0.196840307429547,0.666666666666667,1,
0.823529411764706,0.50251256281407,0.639344262295082,0.252525252525253,0.217494089834515,0.545454545454546,0.142613151152861,0.416666666666667,1,
0.470588235294118,0.758793969849246,0.639344262295082,0.323232323232323,0.24822695035461,0.639344262295082,0.187019641332195,0.25,1,
0.588235294117647,0.809045226130653,0.557377049180328,0.232323232323232,0.156028368794326,0.380029806259314,0.105892399658412,0.433333333333333,1,
0.0588235294117647,0.613065326633166,0.737704918032787,0.515151515151515,0.260047281323877,0.740685543964233,0.105465414175918,0.166666666666667,1,
0.294117647058824,0.547738693467337,0.508196721311475,0.414141414141414,0.152482269503546,0.533532041728763,0.186165670367208,0.0666666666666667,1,
0.294117647058824,0,0.655737704918033,0.323232323232323,0,0.611028315946349,0.114432109308284,0.266666666666667,1,
0.411764705882353,0.753768844221106,0.639344262295082,0.292929292929293,0.148936170212766,0.524590163934426,0.262169086251067,0.55,1,
0.0588235294117647,0.819095477386935,0.59016393442623,0,0,0.581222056631893,0.488471391972673,0.2,1,
0.176470588235294,0.939698492462312,0.573770491803279,0.222222222222222,0.236406619385343,0.5424739195231,0.140905209222886,0.25,1,
0,0.728643216080402,0,0,0,0.658718330849479,0.235695986336465,0.166666666666667,1,
0.235294117647059,0.919597989949749,0,0,0,0.423248882265276,0.0572160546541418,0.25,1,
0.529411764705882,0.924623115577889,0.69672131147541,0.151515151515152,0,0.447093889716841,0.484628522630231,0.466666666666667,1,
0.117647058823529,0.673366834170854,0.573770491803279,0,0,0.43070044709389,0.198121263877028,0.0333333333333333,1,
0.352941176470588,0.512562814070352,0.672131147540984,0,0,0.459016393442623,0.0435525192143467,0.25,1,
0.0588235294117647,0.587939698492462,0.721311475409836,0.242424242424242,0.171394799054374,0.514157973174367,0.138770281810418,0.316666666666667,1,
0.294117647058824,0.698492462311558,0.655737704918033,0.353535353535354,0.189125295508274,0.470938897168405,0.120836891545687,0.0666666666666667,1,
0.470588235294118,0.839195979899497,0.868852459016393,0.464646464646465,0.273049645390071,0.560357675111774,0.0371477369769428,0.366666666666667,1,
0.0588235294117647,0.738693467336683,0.770491803278688,0.414141414141414,0,0.734724292101341,0.119555935098207,0.1,1,
0.647058823529412,0.778894472361809,0.622950819672131,0.282828282828283,0.177304964539007,0.496274217585693,0.544406490179334,0.5,1,
0.235294117647059,0.78391959798995,0.614754098360656,0,0,0.719821162444113,0.0683176771989752,0.183333333333333,1,
0.411764705882353,0.939698492462312,0.557377049180328,0.393939393939394,0.359338061465721,0.561847988077496,0.0751494449188728,0.333333333333333,1,
0.352941176470588,0.979899497487437,0.573770491803279,0,0,0.460506706408346,0.106746370623399,0.166666666666667,1,
0,0.618090452261307,0.59016393442623,0,0,0.540983606557377,0.0768573868488471,0.516666666666667,1,
