77,8,2,
0.176470588235294,0.422110552763819,0.59016393442623,0.323232323232323,0,0.554396423248882,0.0807002561912895,0.116666666666667,0,
0.117647058823529,0.50251256281407,0.573770491803279,0.525252525252525,0.0673758865248227,0.603576751117735,0.255764304013664,0.0666666666666667,0,
0.117647058823529,0.527638190954774,0.614754098360656,0,0,0.347242921013413,0.205807002561913,0.533333333333333,0,
0.235294117647059,0.452261306532663,0.721311475409836,0.474747474747475,0.0638297872340425,0.561847988077496,0.121263877028181,0.133333333333333,0,
0.117647058823529,0.457286432160804,0.508196721311475,0,0,0.406855439642325,0.190862510674637,0.0166666666666667,0,
0.294117647058824,0.587939698492462,0.704918032786885,0.303030303030303,0.124113475177305,0.582712369597616,0.073868488471392,0.35,0,
0.117647058823529,0.532663316582915,0.459016393442623,0.272727272727273,0.195035460992908,0.432190760059613,0.148590947907771,0.0166666666666667,0,
0.117647058823529,0.542713567839196,0.524590163934426,0,0,0.459016393442623,0.0341588385994876,0,0,
0,0.537688442211055,0.622950819672131,0,0,0.675111773472429,0.259607173356106,0.05,0,
0.764705882352941,0.532663316582915,0.59016393442623,0.545454545454545,0,0.545454545454546,0.0426985482493595,0.4,0,
0.0588235294117647,0.462311557788945,0.508196721311475,0.252525252525253,0.0484633569739953,0.290611028315946,0.172502134927412,0.0666666666666667,0,
0.0588235294117647,0.50251256281407,0.540983606557377,0.151515151515152,0.066193853427896,0.351713859910581,0.251067463706234,0.0833333333333333,0,
0.352941176470588,0.402010050251256,0.540983606557377,0.303030303030303,0,0.390461997019374,0.100341588385995,0.333333333333333,0,
0.0588235294117647,0.507537688442211,0.409836065573771,0.151515151515152,0.0425531914893617,0.360655737704918,0.191289496157131,0.0833333333333333,0,
0.117647058823529,0.603015075376884,0.442622950819672,0,0,0.399403874813711,0.160973526900085,0.1,0,
0.294117647058824,0.221105527638191,0.508196721311475,0,0,0.3725782414307,0.21733561058924,0.25,0,
0,0.587939698492462,0.540983606557377,0.313131313131313,0.222222222222222,0.459016393442623,0.177198975234842,0.0166666666666667,0,
0.235294117647059,0.462311557788945,0.655737704918033,0,0,0.628912071535022,0.0678906917164816,0.133333333333333,0,
0.705882352941177,0.703517587939699,0.69672131147541,0.333333333333333,0,0.557377049180328,0.0708795900939368,0.333333333333333,0,
0.117647058823529,0.341708542713568,0.573770491803279,0.323232323232323,0.0780141843971631,0.3725782414307,0.0465414175918019,0.0666666666666667,0,
0.647058823529412,0.638190954773869,0.868852459016393,0,0,0.581222056631893,0.0478223740392827,0.5,0,
0.0588235294117647,0.653266331658292,0.491803278688525,0.232323232323232,0.200945626477541,0.426229508196721,0.262169086251067,0,0,
0.235294117647059,0.688442211055276,0.688524590163934,0,0,0.464977645305514,0.0742954739538856,0.15,0,
0.0588235294117647,0.35678391959799,0.39344262295082,0.181818181818182,0.0898345153664303,0.304023845007452,0.104611443210931,0.0166666666666667,0,
0.0588235294117647,0.477386934673367,0.540983606557377,0.131313131313131,0.0449172576832151,0.292101341281669,0.10930828351836,0.0666666666666667,0,
0.411764705882353,0.683417085427136,0.60655737704918,0.262626262626263,0.159574468085106,0.387481371087929,0.242954739538856,0.5,0,
0.117647058823529,0.50251256281407,0.557377049180328,0.252525252525253,0.0839243498817967,0.573770491803279,0.105038428693424,0.0833333333333333,0,
0.176470588235294,0.512562814070352,0.60655737704918,0,0,0.439642324888227,0.0183603757472246,0.183333333333333,0,
0.588235294117647,0.577889447236181,0.80327868852459,0,0,0.357675111773472,0.403074295473954,0.216666666666667,0,
0.0588235294117647,0.467336683417085,0.573770491803279,0.313131313131313,0,0.453055141579732,0.101195559350982,0.0333333333333333,0,
0.0588235294117647,0.482412060301508,1,0,0,0.333830104321908,0.0550811272416738,0.1,0,
0.117647058823529,0.50251256281407,0.442622950819672,0.282828282828283,0.124113475177305,0.563338301043219,0.17933390264731,0.05,0,
0.117647058823529,0.64321608040201,0.524590163934426,0.424242424242424,0,0.596125186289121,0.436806148590948,0.05,0,
0.0588235294117647,0.562814070351759,0.59016393442623,0.303030303030303,0.208037825059102,0.512667660208644,0.192143467122118,0.0666666666666667,0,
0.117647058823529,0.472361809045226,0.622950819672131,0.181818181818182,0.0780141843971631,0.470938897168405,0.243808710503843,0.0333333333333333,0,
0,0.4321608040201,0.557377049180328,0.323232323232323,0,0.533532041728763,0.0683176771989752,0.0666666666666667,0,
0.235294117647059,0.417085427135678,0.704918032786885,0.191919191919192,0,0.436661698956781,0.102049530315969,0.216666666666667,0,
0,0.829145728643216,0.622950819672131,0.434343434343434,0.301418439716312,0.713859910581222,0.0772843723313407,0.0833333333333333,0,
0.117647058823529,0.587939698492462,0.737704918032787,0.191919191919192,0.0839243498817967,0.375558867362146,0.100341588385995,0,0,
0.176470588235294,0.517587939698492,0.59016393442623,0.303030303030303,0.179669030732861,0.411326378539493,0.278394534585824,0.1,0,
0.117647058823529,0.452261306532663,0.655737704918033,0.141414141414141,0.0650118203309693,0.363636363636364,0.0730145175064048,0.05,0,
0.0588235294117647,0.547738693467337,0.491803278688525,0.0808080808080808,0.215130023640662,0.378539493293592,0.371050384286934,0,0,
0.0588235294117647,0.447236180904523,0.19672131147541,0.191919191919192,0.0295508274231679,0.414307004470939,0.205380017079419,0,0,
0.352941176470588,0.462311557788945,0.508196721311475,0.323232323232323,0.148936170212766,0.476900149031297,0.00298889837745517,0.416666666666667,0,
0.0588235294117647,0.582914572864322,0.573770491803279,0.282828282828283,0,0.408345752608048,0.053800170794193,0,0,
0.176470588235294,0.371859296482412,0.557377049180328,0.282828282828283,0.0531914893617021,0.442622950819672,0.091801878736123,0.0333333333333333,0,
0.0588235294117647,0.487437185929648,0.524590163934426,0.191919191919192,0.0969267139479905,0.27123695976155,0.0943637916310845,0,0,
0.0588235294117647,0.50251256281407,0.59016393442623,0.121212121212121,0.08274231678487,0.377049180327869,0.247651579846285,0.116666666666667,0,
0.352941176470588,0.829145728643216,0.557377049180328,0.262626262626263,0.198581560283688,0.500745156482861,0.236122971818958,0.466666666666667,0,
0.705882352941177,0.50251256281407,0.688524590163934,0.333333333333333,0.124113475177305,0.447093889716841,0.175064047822374,0.416666666666667,0,
0.588235294117647,0.577889447236181,0,0,0,0,0.0781383432963279,0.15,1,
0.352941176470588,0.743718592964824,0.59016393442623,0.353535353535354,0,0.500745156482861,0.234415029888984,0.483333333333333,1,
0.235294117647059,0.628140703517588,0.655737704918033,0,0,0.481371087928465,0.195559350982067,0.1,1,
0.117647058823529,0.623115577889447,0.557377049180328,0.282828282828283,0.242316784869976,0.490312965722802,0.340307429547395,0.15,1,
0,0.477386934673367,0.69672131147541,0.252525252525253,0.0425531914893617,0.557377049180328,0.0721605465414176,0.05,1,
0.588235294117647,0.507537688442211,0.704918032786885,0.373737373737374,0,0.679582712369598,0.451750640478224,0.283333333333333,1,
0,0.537688442211055,0.508196721311475,0.303030303030303,0.0874704491725768,0.545454545454546,0.289923142613151,0.0666666666666667,1,
0.294117647058824,0.487437185929648,0.622950819672131,0.272727272727273,0,0.530551415797317,0.128095644748079,0.516666666666667,1,
0.176470588235294,0.869346733668342,0.672131147540984,0.484848484848485,0.549645390070922,0.572280178837556,0.879163108454313,0.0666666666666667,1,
0.470588235294118,0.989949748743719,0.60655737704918,0,0,0.385991058122206,0.475234842015371,0.3,1,
0,0.733668341708543,0.573770491803279,0,0,0.564828614008942,0.10930828351836,0.116666666666667,1,
0.529411764705882,0.597989949748744,0.655737704918033,0.353535353535354,0,0.432190760059613,0.0789923142613151,0.133333333333333,1,
0,0.648241206030151,0.901639344262295,0.464646464646465,0.153664302600473,1,0.102903501280956,0.0833333333333333,1,
0.411764705882353,0.763819095477387,0.721311475409836,0.444444444444444,0,0.745156482861401,0.110589239965841,0.25,1,
0,0.904522613065327,0.737704918032787,0.262626262626263,0.106382978723404,0.543964232488823,0.100768573868488,0.233333333333333,1,
0.411764705882353,0.57286432160804,0.524590163934426,0,0,0.408345752608048,0.279248505550811,0.216666666666667,1,
0.294117647058824,0.949748743718593,0.524590163934426,0.333333333333333,0.384160756501182,0.464977645305514,0.215627668659266,0.133333333333333,1,
0.529411764705882,0.728643216080402,0.721311475409836,0.343434343434343,0.195035460992908,0.451564828614009,0.295900939368062,0.533333333333333,1,
0.235294117647059,0.723618090452261,0.672131147540984,0.323232323232323,0,0.573770491803279,0.203245089666951,0.266666666666667,1,
0.176470588235294,0.869346733668342,0.688524590163934,0.333333333333333,0.560283687943262,0.53204172876304,0.0768573868488471,0.0166666666666667,1,
0.0588235294117647,0.909547738693467,0.639344262295082,0.424242424242424,0.346335697399527,0.596125186289121,0.503842869342442,0.0166666666666667,1,
0.0588235294117647,0.5678391959799,0.524590163934426,0.353535353535354,0,0.500745156482861,0.198548249359522,0,1,
0.294117647058824,0.834170854271357,0.59016393442623,0.191919191919192,0.206855791962175,0.384500745156483,0.21733561058924,0.5,1,
0,0.944723618090452,0.672131147540984,0.141414141414141,0.218676122931442,0.476900149031297,0.257899231426132,0.0166666666666667,1,
0.235294117647059,0.919597989949749,0,0,0,0.423248882265276,0.0572160546541418,0.25,1,
0.0588235294117647,0.904522613065327,0,0,0,0.645305514157973,0.0871050384286934,0.333333333333333,1,
0.529411764705882,0.78391959798995,0.704918032786885,0.282828282828283,0.183215130023641,0.511177347242921,0.474380871050384,0.35,1,
