77,8,2,
0.117647058823529,0.638190954773869,0.475409836065574,0.242424242424242,0.325059101654846,0.412816691505216,0.649871904355252,0.0666666666666667,0,
0.235294117647059,0.949748743718593,0.901639344262295,0.313131313131313,0,0.424739195230999,0.257045260461144,0.266666666666667,0,
0.294117647058824,0.633165829145729,0.639344262295082,0.272727272727273,0.0260047281323877,0.441132637853949,0.154141759180188,0.316666666666667,0,
0.470588235294118,0.537688442211055,0.655737704918033,0,0,0.366616989567809,0.332194705380017,0.216666666666667,0,
0.352941176470588,0.492462311557789,0.475409836065574,0.333333333333333,0.224586288416076,0.506706408345753,0.150298889837746,0.366666666666667,0,
0.235294117647059,0.638190954773869,0.721311475409836,0.111111111111111,0.183215130023641,0.514157973174367,0.22203245089667,0.116666666666667,0,
0.176470588235294,0.959798994974874,0.557377049180328,0.151515151515152,0.153664302600473,0.460506706408346,0.0943637916310845,0.216666666666667,0,
0.352941176470588,0.517587939698492,0.59016393442623,0.323232323232323,0.224586288416076,0.561847988077496,0.105038428693424,0.566666666666667,0,
0,0.603015075376884,0.60655737704918,0.181818181818182,0.074468085106383,0.454545454545455,0.0883859948761742,0.0833333333333333,0,
0.294117647058824,0.477386934673367,0.59016393442623,0.333333333333333,0,0.561847988077496,0.12467976088813,0.1,0,
0.294117647058824,0.366834170854271,0.491803278688525,0,0,0.399403874813711,0.0811272416737831,0.1,0,
0.411764705882353,0.688442211055276,0.737704918032787,0.414141414141414,0,0.476900149031297,0.133646456020495,0.3,0,
0,0.638190954773869,0.655737704918033,0.373737373737374,0.24822695035461,0.540983606557377,0.30999146029035,0.0333333333333333,0,
0.176470588235294,0.557788944723618,0.459016393442623,0.393939393939394,0,0.448584202682563,0.204526046114432,0.15,0,
0.352941176470588,0.773869346733668,0.60655737704918,0.323232323232323,0.228132387706856,0.436661698956781,0.324935952177626,0.3,0,
0.176470588235294,0.49748743718593,0.655737704918033,0.111111111111111,0.0756501182033097,0.287630402384501,0.0879590093936806,0.15,0,
0.117647058823529,0.562814070351759,0.704918032786885,0.424242424242424,0.189125295508274,0.572280178837556,0.071733561058924,0.116666666666667,0,
0.117647058823529,0.597989949748744,0,0,0,0.292101341281669,0.321947053800171,0.85,0,
0.0588235294117647,0.608040201005025,0.639344262295082,0.393939393939394,0.0874704491725768,0.581222056631893,0.0781383432963279,0.116666666666667,0,
0.411764705882353,0.668341708542714,0.721311475409836,0.151515151515152,0.183215130023641,0.482861400894188,0.0785653287788215,0.266666666666667,0,
0,0.507537688442211,0.622950819672131,0,0,0.53204172876304,0.0512382578992314,0.0833333333333333,0,
0.470588235294118,0.633165829145729,0.721311475409836,0.363636363636364,0.127659574468085,0.573770491803279,0.115713065755764,0.466666666666667,0,
0.235294117647059,0.452261306532663,0,0,0,0.417287630402385,0.227156276686593,0.166666666666667,0,
0.117647058823529,0.412060301507538,0.426229508196721,0.222222222222222,0.135933806146572,0.424739195230999,0.692143467122118,0.0666666666666667,0,
0,0.492462311557789,0.672131147540984,0.151515151515152,0.099290780141844,0.375558867362146,0.0943637916310845,0.0166666666666667,0,
0.0588235294117647,0.49748743718593,0.475409836065574,0.101010101010101,0,0.378539493293592,0.201964133219471,0,0,
0.117647058823529,0.376884422110553,0.524590163934426,0.242424242424242,0.0650118203309693,0.442622950819672,0.12467976088813,0.2,0,
0.176470588235294,0.633165829145729,0.721311475409836,0.414141414141414,0.277777777777778,0.585692995529061,0.267292912040991,0.1,0,
0.294117647058824,0.442211055276382,0.540983606557377,0.212121212121212,0.0271867612293144,0.363636363636364,0.112724167378309,0.15,0,
0.117647058823529,0.733668341708543,0.622950819672131,0.353535353535354,0.229314420803783,0.56929955290611,0.107173356105892,0.133333333333333,0,
0.0588235294117647,0.477386934673367,0.60655737704918,0.212121212121212,0.0862884160756501,0.385991058122206,0.254056362083689,0.25,0,
0.647058823529412,0.42713567839196,0.60655737704918,0,0,0.448584202682563,0.0947907771135781,0.233333333333333,0,
0.235294117647059,0.618090452261307,0.655737704918033,0.151515151515152,0.208037825059102,0.476900149031297,0.155849701110162,0.216666666666667,0,
0.117647058823529,0.35678391959799,0.573770491803279,0.272727272727273,0,0.417287630402385,0.216908625106746,0.0166666666666667,0,
0.117647058823529,0.49748743718593,0.426229508196721,0.151515151515152,0.111111111111111,0.366616989567809,0.23868488471392,0,0,
0.529411764705882,0.532663316582915,0.426229508196721,0,0,0.464977645305514,0.128949615713066,0.35,0,
0.0588235294117647,0.547738693467337,0.459016393442623,0.212121212121212,0.159574468085106,0.375558867362146,0.322374039282664,0.0333333333333333,0,
0.411764705882353,0.628140703517588,0.704918032786885,0,0,0.560357675111774,0.0964987190435525,0.5,0,
0.176470588235294,0.49748743718593,0.508196721311475,0.191919191919192,0.0874704491725768,0.324888226527571,0.0858240819812126,0.0833333333333333,0,
0.117647058823529,0.613065326633166,0.426229508196721,0.434343434343434,0.186761229314421,0.539493293591654,0.315115286080273,0.116666666666667,0,
0.529411764705882,0.28643216080402,0.655737704918033,0.373737373737374,0,0.488822652757079,0.00768573868488471,0.333333333333333,0,
0.235294117647059,0.613065326633166,0.557377049180328,0,0,0.521609538002981,0.134927412467976,0.133333333333333,0,
0.0588235294117647,0.457286432160804,0.524590163934426,0.242424242424242,0,0.435171385991058,0.0486763450042699,0,0,
0.0588235294117647,0.718592964824121,0.60655737704918,0.222222222222222,0.0721040189125296,0.390461997019374,0.0760034158838599,0,0,
0.176470588235294,0.542713567839196,0.508196721311475,0.242424242424242,0,0.387481371087929,0.0619128949615713,0.0666666666666667,0,
0.117647058823529,0.562814070351759,0.540983606557377,0.222222222222222,0,0.3725782414307,0.0977796754910333,0.05,0,
0.235294117647059,0.989949748743719,0.573770491803279,0.393939393939394,0.879432624113475,0.546944858420268,0.961144321093083,0.166666666666667,0,
0.117647058823529,0.628140703517588,0.491803278688525,0.202020202020202,0.16548463356974,0.503725782414307,0.00426985482493595,0.166666666666667,0,
0.235294117647059,0.457286432160804,0.573770491803279,0.323232323232323,0.104018912529551,0.493293591654247,0.157130657557643,0.0166666666666667,0,
0.0588235294117647,0.517587939698492,0.245901639344262,0.383838383838384,0.0981087470449173,0.645305514157973,0.0448334756618275,0.2,0,
0.470588235294118,0.984924623115578,0.622950819672131,0.292929292929293,0.33096926713948,0.558867362146051,0.225021349274125,0.6,1,
1,0.819095477386935,0.59016393442623,0.414141414141414,0.134751773049645,0.609538002980626,0.315542271562767,0.433333333333333,1,
0.294117647058824,0.814070351758794,0.852459016393443,0,0,0.561847988077496,0.0311699402220324,0.516666666666667,1,
0.117647058823529,0.778894472361809,0.426229508196721,0.272727272727273,0.638297872340426,0.576751117734724,0.0691716481639624,0.0666666666666667,1,
0.529411764705882,0.824120603015075,0.639344262295082,0,0,0.488822652757079,0.0298889837745517,0.4,1,
0.411764705882353,0.974874371859296,0.557377049180328,0.282828282828283,0,0.535022354694486,0.284799316823228,0.333333333333333,1,
0.176470588235294,0.884422110552764,0.704918032786885,0.272727272727273,0.184397163120567,0.496274217585693,0.459436379163108,0.516666666666667,1,
0.235294117647059,0.733668341708543,0.754098360655738,0,0,0.464977645305514,0.196840307429547,0.666666666666667,1,
0,0.527638190954774,0.688524590163934,0,0,0.415797317436662,0.283091374893254,0.683333333333333,1,
0,0.64321608040201,0.557377049180328,0.191919191919192,0.212765957446809,0.454545454545455,0.56063193851409,0.0666666666666667,1,
0.235294117647059,0.477386934673367,0.524590163934426,0,0,0.476900149031297,0.0354397950469684,0.166666666666667,1,
0.470588235294118,0.718592964824121,0.540983606557377,0,0,0.520119225037258,0.0217762596071734,0.333333333333333,1,
0.0588235294117647,0.738693467336683,0.770491803278688,0.414141414141414,0,0.734724292101341,0.119555935098207,0.1,1,
0.411764705882353,0.894472361809045,0.688524590163934,0,0,0.594634873323398,0.10802732707088,0.333333333333333,1,
0.352941176470588,0.512562814070352,0.672131147540984,0,0,0.459016393442623,0.0435525192143467,0.25,1,
0,0.758793969849246,0.737704918032787,0.464646464646465,0,0.6274217585693,0.125106746370623,0,1,
0.647058823529412,0.693467336683417,0.60655737704918,0.262626262626263,0.170212765957447,0.538002980625932,0.204526046114432,0.483333333333333,1,
0.235294117647059,0.869346733668342,0.573770491803279,0.141414141414141,0.198581560283688,0.442622950819672,0.120836891545687,0.2,1,
0.411764705882353,0.939698492462312,0.557377049180328,0.393939393939394,0.359338061465721,0.561847988077496,0.0751494449188728,0.333333333333333,1,
0,0.693467336683417,0.491803278688525,0.353535353535354,0.197399527186761,0.51564828614009,0.194705380017079,0,1,
0.411764705882353,0.71356783919598,0.737704918032787,0.242424242424242,0.567375886524823,0.453055141579732,0.0213492741246798,0.366666666666667,1,
0.294117647058824,0.623115577889447,0.60655737704918,0,0,0.506706408345753,0.0606319385140905,0.283333333333333,1,
0.294117647058824,0.42713567839196,0.60655737704918,0.222222222222222,0,0.432190760059613,0.48932536293766,0.183333333333333,1,
0.176470588235294,0.64321608040201,0.59016393442623,0.252525252525253,0.224586288416076,0.482861400894188,0.201110162254483,0.1,1,
0.529411764705882,0.703517587939699,0.770491803278688,0,0,0.487332339791356,0.280102476515798,0.4,1,
0.647058823529412,0.557788944723618,0.688524590163934,0.404040404040404,0,0.697466467958271,0.361656703672075,0.4,1,
0.117647058823529,0.542713567839196,0.655737704918033,0,0,0.402384500745157,0.0772843723313407,0.516666666666667,1,
