77,8,2,
0.176470588235294,0.623115577889447,0.655737704918033,0.333333333333333,0.153664302600473,0.49478390461997,0.0969257045260461,0.0833333333333333,0,
0.647058823529412,0.517587939698492,0.557377049180328,0.404040404040404,0,0.688524590163935,0.0204953031596926,0.35,0,
0.235294117647059,0.592964824120603,0.573770491803279,0,0,0.663189269746647,0.35269000853971,0.0833333333333333,0,
0.235294117647059,0.472361809045226,0.532786885245902,0.222222222222222,0,0.368107302533532,0.0298889837745517,0,0,
0.294117647058824,0.57286432160804,0.60655737704918,0,0,0.371087928464978,0.284372331340734,0.6,0,
0,0.698492462311558,0.508196721311475,0.171717171717172,0.24822695035461,0.329359165424739,0.0550811272416738,0,0,
0.294117647058824,0.552763819095477,0.557377049180328,0,0,0.387481371087929,0.0913748932536294,0.15,0,
0.0588235294117647,0.592964824120603,0.475409836065574,0.363636363636364,0.111111111111111,0.496274217585693,0.0781383432963279,0.0333333333333333,0,
0,0.587939698492462,0.655737704918033,0.313131313131313,0.0626477541371158,0.673621460506706,0.00469684030742955,0.05,0,
0,0.422110552763819,0.524590163934426,0.222222222222222,0.0780141843971631,0.533532041728763,0.199402220324509,0,0,
0.176470588235294,0.482412060301508,0.639344262295082,0.393939393939394,0,0.555886736214605,0.0683176771989752,0.316666666666667,0,
0.176470588235294,0.422110552763819,0.557377049180328,0.303030303030303,0.125295508274232,0.475409836065574,0.219043552519214,0.0666666666666667,0,
0.529411764705882,0.618090452261307,0.573770491803279,0.444444444444444,0.111111111111111,0.493293591654247,0.126387702818104,0.316666666666667,0,
0.352941176470588,0.618090452261307,0.59016393442623,0.454545454545455,0.271867612293144,0.500745156482861,0.279675491033305,0.216666666666667,0,
0.352941176470588,0.527638190954774,0.573770491803279,0.323232323232323,0.0803782505910166,0.459016393442623,0.0187873612297182,0.266666666666667,0,
0.352941176470588,0.557788944723618,0.524590163934426,0.393939393939394,0,0.509687034277198,0.0777113578138343,0.05,0,
0.117647058823529,0.462311557788945,0.622950819672131,0.202020202020202,0,0.360655737704918,0.691716481639624,0.116666666666667,0,
0,0.628140703517588,0.786885245901639,0,0,0.33532041728763,0.0785653287788215,0,0,
0,0.733668341708543,0.672131147540984,0,0,0.603576751117735,0.727156276686593,0.383333333333333,0,
0.0588235294117647,0.683417085427136,0.60655737704918,0.505050505050505,0.24113475177305,0.557377049180328,0.137062339880444,0.05,0,
0,0.633165829145729,0.704918032786885,0.272727272727273,0.141843971631206,0.408345752608048,0.186592655849701,0,0,
0.117647058823529,0.452261306532663,0.491803278688525,0,0,0.350223546944858,0.0482493595217763,0.0666666666666667,0,
0.117647058823529,0.281407035175879,0.459016393442623,0.282828282828283,0.0531914893617021,0.360655737704918,0.108454312553373,0.0166666666666667,0,
0.0588235294117647,0.482412060301508,0.524590163934426,0.272727272727273,0.102836879432624,0.49478390461997,0.0900939368061486,0,0,
0.117647058823529,0.417085427135678,0.532786885245902,0.282828282828283,0.0780141843971631,0.548435171385991,0.235269000853971,0.05,0,
0.117647058823529,0.407035175879397,0.59016393442623,0.151515151515152,0.0898345153664303,0.448584202682563,0.200256191289496,0.0666666666666667,0,
0.0588235294117647,0.50251256281407,0.60655737704918,0.121212121212121,0.0543735224586288,0.290611028315946,0.0303159692570453,0.116666666666667,0,
0.352941176470588,0.482412060301508,0,0,0,0.353204172876304,0.0478223740392827,0.116666666666667,0,
0.470588235294118,0.371859296482412,0.573770491803279,0.404040404040404,0.057919621749409,0.526080476900149,0.267719897523484,0.3,0,
0.294117647058824,0.557788944723618,0.59016393442623,0.282828282828283,0,0.35618479880775,0.140478223740393,0.1,0,
0,0.623115577889447,0.459016393442623,0.131313131313131,0.124113475177305,0.324888226527571,0.159692570452605,0,0,
0.411764705882353,0.407035175879397,0.639344262295082,0.404040404040404,0.0567375886524823,0.695976154992549,0.0781383432963279,0.35,0,
0,0.472361809045226,0.573770491803279,0.272727272727273,0.135933806146572,0.648286140089419,0.114859094790777,0,0,
0.470588235294118,0.562814070351759,0.59016393442623,0,0,0.351713859910581,0.32536293766012,0.616666666666667,0,
0.176470588235294,0.437185929648241,0.491803278688525,0.181818181818182,0,0.324888226527571,0.156276686592656,0,0,
0.0588235294117647,0.366834170854271,0.409836065573771,0.101010101010101,0,0.342771982116244,0.0725875320239112,0,0,
0,0.507537688442211,0.524590163934426,0.171717171717172,0,0.312965722801788,0.0742954739538856,0,0,
0.0588235294117647,0.437185929648241,0.639344262295082,0.272727272727273,0.0378250591016548,0.51564828614009,0.00982066609735269,0.0166666666666667,0,
0.0588235294117647,0.603015075376884,0.655737704918033,0.484848484848485,0.236406619385343,0.57973174366617,0.462852263023057,0.333333333333333,0,
0.705882352941177,0.608040201005025,0.639344262295082,0.171717171717172,0,0.394932935916542,0.0772843723313407,0.683333333333333,0,
0.176470588235294,0.49748743718593,0.442622950819672,0.191919191919192,0.101654846335697,0.381520119225037,0.0324508966695132,0.05,0,
0.0588235294117647,0.703517587939699,0.60655737704918,0.262626262626263,0.212765957446809,0.359165424739195,0.320239111870196,0.0333333333333333,0,
0.235294117647059,0.582914572864322,0.59016393442623,0.121212121212121,0.102836879432624,0.329359165424739,0.164389410760034,0.266666666666667,0,
0.0588235294117647,0.57286432160804,0.540983606557377,0.363636363636364,0.236406619385343,0.567809239940388,0.0900939368061486,0,0,
0.647058823529412,0.693467336683417,0.622950819672131,0,0,0.49478390461997,0.14602903501281,0.233333333333333,0,
0.0588235294117647,0.718592964824121,0.688524590163934,0.232323232323232,0.366430260047281,0.631892697466468,0.426131511528608,0.0166666666666667,0,
0.235294117647059,0.49748743718593,0.59016393442623,0.171717171717172,0,0.381520119225037,0.0922288642186165,0.116666666666667,0,
0.588235294117647,0.577889447236181,0,0,0,0.526080476900149,0.0239111870196413,0.133333333333333,0,
0,0.507537688442211,0.508196721311475,0,0,0.326378539493294,0.110162254483348,0.0666666666666667,0,
0.176470588235294,0.482412060301508,0.459016393442623,0.343434343434343,0.135933806146572,0.368107302533532,0.369769427839453,0.3,0,
0.352941176470588,0.738693467336683,0.655737704918033,0,0,0.439642324888227,0.0426985482493595,0.483333333333333,1,
0.235294117647059,0.673366834170854,0.59016393442623,0,0,0.354694485842027,0.0849701110162255,0.65,1,
0.176470588235294,0.663316582914573,0.655737704918033,0,0,0.512667660208644,0.138343296327925,0.383333333333333,1,
0.176470588235294,0.814070351758794,0.426229508196721,0.383838383838384,0,0.554396423248882,0.245089666951324,0.05,1,
0,0.658291457286432,0.721311475409836,0,0,0.470938897168405,0.283945345858241,0.183333333333333,1,
0.0588235294117647,0.477386934673367,0.672131147540984,0.252525252525253,0.212765957446809,0.521609538002981,0.0661827497865073,0.366666666666667,1,
0.529411764705882,0.824120603015075,0.688524590163934,0.212121212121212,0,0.459016393442623,0.321520068317677,0.183333333333333,1,
0,0.658291457286432,0.540983606557377,0.404040404040404,0,0.511177347242921,0.0503842869342442,0.0166666666666667,1,
0.470588235294118,0.934673366834171,0.737704918032787,0.353535353535354,0.265957446808511,0.514157973174367,0.14730999146029,0.266666666666667,1,
0.117647058823529,0.874371859296482,0.721311475409836,0.373737373737374,0.141843971631206,0.663189269746647,0.242527754056362,0.05,1,
0.0588235294117647,0.844221105527638,0.721311475409836,0.292929292929293,0,0.521609538002981,0.353116994022203,0.516666666666667,1,
0.529411764705882,0.85929648241206,0.901639344262295,0.242424242424242,0.283687943262411,0.676602086438152,0.274551665243382,0.55,1,
0.235294117647059,0.78391959798995,0.614754098360656,0,0,0.719821162444113,0.0683176771989752,0.183333333333333,1,
0.411764705882353,0.57286432160804,0.540983606557377,0,0,0.488822652757079,0.0768573868488471,0.35,1,
0.588235294117647,0.452261306532663,0.69672131147541,0.323232323232323,0,0.520119225037258,0.318958155422716,0.583333333333333,1,
0.411764705882353,0.804020100502513,0.442622950819672,0.323232323232323,0.206855791962175,0.454545454545455,0.217762596071734,0.3,1,
0.117647058823529,0.452261306532663,0.557377049180328,0.424242424242424,0,0.56929955290611,0.181468830059778,0.1,1,
0.411764705882353,0.979899497487437,0.573770491803279,0.333333333333333,0.171394799054374,0.374068554396423,0.0362937660119556,0.566666666666667,1,
0.117647058823529,0.733668341708543,0.573770491803279,0.383838383838384,0.425531914893617,0.417287630402385,0.110589239965841,0.133333333333333,1,
0.647058823529412,0.778894472361809,0.622950819672131,0.282828282828283,0.177304964539007,0.496274217585693,0.544406490179334,0.5,1,
0.117647058823529,0.527638190954774,0.655737704918033,0.454545454545455,0.225768321513002,0.502235469448584,0.270281810418446,0.133333333333333,1,
0.0588235294117647,0.64321608040201,0.39344262295082,0.454545454545455,0.229314420803783,0.603576751117735,0.228437233134073,0.05,1,
0.352941176470588,0.522613065326633,0.60655737704918,0.181818181818182,0.184397163120567,0.445603576751118,0.274978650725875,0.333333333333333,1,
0.117647058823529,0.64321608040201,0.639344262295082,0.373737373737374,0.215130023640662,0.645305514157973,0.48932536293766,0.166666666666667,1,
0.235294117647059,0.71356783919598,0.704918032786885,0,0,0.655737704918033,0.242100768573869,0.0166666666666667,1,
0.352941176470588,0.577889447236181,0.491803278688525,0.393939393939394,0,0.502235469448584,0.0713065755764304,0.316666666666667,1,
0.411764705882353,0.738693467336683,0.622950819672131,0,0,0.587183308494784,0.0764304013663535,0.366666666666667,1,
