77,8,2,
0.176470588235294,0.5678391959799,0.360655737704918,0.131313131313131,0,0.333830104321908,0.0264730999146029,0.0166666666666667,0,
0,0.738693467336683,0.69672131147541,0.545454545454545,0,0.637853949329359,0.126814688300598,0.05,0,
0,0.648241206030151,0.655737704918033,0,0,0.464977645305514,0.266865926558497,0.133333333333333,0,
0.294117647058824,0.482412060301508,0.60655737704918,0.181818181818182,0.0791962174940898,0.500745156482861,0.392399658411614,0.366666666666667,0,
0.352941176470588,0.919597989949749,0.770491803278688,0,0,0.608047690014903,0.590520922288642,0.4,0,
0.117647058823529,0.608040201005025,0.573770491803279,0.323232323232323,0.112293144208038,0.582712369597616,0.345004269854825,0.0333333333333333,0,
0.235294117647059,0.658291457286432,0.557377049180328,0.212121212121212,0.196217494089835,0.493293591654247,0.0350128095644748,0.116666666666667,0,
0,0.422110552763819,0.672131147540984,0.313131313131313,0.147754137115839,0.56929955290611,0.0661827497865073,0.0333333333333333,0,
0.294117647058824,0.738693467336683,0.639344262295082,0,0,0.502235469448584,0.0597779675491033,0.733333333333333,0,
0.470588235294118,0.42713567839196,0.450819672131148,0.202020202020202,0,0.363636363636364,0.0247651579846285,0.35,0,
0.0588235294117647,0.442211055276382,0.508196721311475,0.242424242424242,0.0520094562647754,0.445603576751118,0.146883005977797,0.0333333333333333,0,
0.117647058823529,0.562814070351759,0.614754098360656,0.323232323232323,0,0.53204172876304,0.0298889837745517,0,0,
0.117647058823529,0.527638190954774,0.475409836065574,0.404040404040404,0.111111111111111,0.520119225037258,0.0627668659265585,0.0666666666666667,0,
0.529411764705882,0.603015075376884,0.59016393442623,0.222222222222222,0.066193853427896,0.309985096870343,0.279675491033305,0.45,0,
0,0.507537688442211,0.532786885245902,0.282828282828283,0,0.366616989567809,0.0678906917164816,0.0166666666666667,0,
0,0.477386934673367,0.655737704918033,0.454545454545455,0.108747044917258,0.543964232488823,0.107600341588386,0.0833333333333333,0,
0.0588235294117647,0,0.39344262295082,0.202020202020202,0,0.368107302533532,0.0264730999146029,0.0166666666666667,0,
0.352941176470588,0.542713567839196,0.360655737704918,0.202020202020202,0.153664302600473,0.357675111773472,0.313834329632792,0.233333333333333,0,
0.470588235294118,0.603015075376884,0.639344262295082,0,0,0.3725782414307,0.14133219470538,0.716666666666667,0,
0.176470588235294,0.557788944723618,0.508196721311475,0,0,0.336810730253353,0.0273270708795901,0,0,
0.764705882352941,0.768844221105528,0.721311475409836,0.373737373737374,0.16548463356974,0.605067064083458,0.46797608881298,0.3,0,
0.176470588235294,0.582914572864322,0,0,0,0.350223546944858,0.0465414175918019,0.0333333333333333,0,
0,0.673366834170854,0.475409836065574,0.202020202020202,0.343971631205674,0.39344262295082,0.116994022203245,0,0,
0.588235294117647,0.648241206030151,0.622950819672131,0.282828282828283,0.144208037825059,0.535022354694486,0.0862510674637062,0.3,0,
0.0588235294117647,0.407035175879397,0.59016393442623,0.181818181818182,0.0472813238770686,0.396423248882265,0.087532023911187,0.05,0,
0.294117647058824,0.663316582914573,0.655737704918033,0,0,0.399403874813711,0.0461144321093083,0.8,0,
0.0588235294117647,0.633165829145729,0.459016393442623,0.292929292929293,0.179669030732861,0.427719821162444,0.308710503842869,0,0,
0.0588235294117647,0.698492462311558,0.377049180327869,0.191919191919192,0.0981087470449173,0.427719821162444,0.245943637916311,0.0166666666666667,0,
0.352941176470588,0.437185929648241,0.655737704918033,0,0,0.34575260804769,0.00256191289496157,0.183333333333333,0,
0.764705882352941,0.532663316582915,0.573770491803279,0,0,0.509687034277198,0.073868488471392,0.516666666666667,0,
0,0.477386934673367,0.524590163934426,0.393939393939394,0.124113475177305,0.66467958271237,0.122971818958155,0.0166666666666667,0,
0.0588235294117647,0.396984924623116,0.614754098360656,0.303030303030303,0,0.476900149031297,0.135781383432963,0.0166666666666667,0,
0.0588235294117647,0.532663316582915,0.622950819672131,0,0,0.558867362146051,0.0508112724167378,0.0833333333333333,0,
0.235294117647059,0.477386934673367,0.491803278688525,0.323232323232323,0,0.527570789865872,0.0879590093936806,0.116666666666667,0,
0.294117647058824,0.49748743718593,0.442622950819672,0.282828282828283,0.0981087470449173,0.506706408345753,0.179760888129804,0.15,0,
0.117647058823529,0.507537688442211,0.475409836065574,0.171717171717172,0.313238770685579,0.360655737704918,0.228864218616567,0.0333333333333333,0,
0.176470588235294,0.402010050251256,0,0,0,0,0.0409906063193851,0.0166666666666667,0,
0.470588235294118,0.974874371859296,0.655737704918033,0,0,0.388971684053651,0.201964133219471,0.766666666666667,0,
0.470588235294118,0.50251256281407,0.622950819672131,0,0,0.576751117734724,0.0478223740392827,0.35,0,
0,0.50251256281407,0.721311475409836,0.606060606060606,0.130023640661939,0.697466467958271,0.377455166524338,0.166666666666667,0,
0.117647058823529,0.562814070351759,0.639344262295082,0.505050505050505,0.16548463356974,0.587183308494784,0.0414175918018787,0.05,0,
0,0.809045226130653,0.409836065573771,0,0,0.326378539493294,0.0751494449188728,0.733333333333333,0,
0.117647058823529,0.648241206030151,0,0,0,0.573770491803279,0.0964987190435525,0.333333333333333,0,
0,0.557788944723618,0.532786885245902,0,0,0.366616989567809,0.248505550811272,0.166666666666667,0,
0.117647058823529,0.42713567839196,0.532786885245902,0,0,0.59016393442623,0.363791631084543,0.1,0,
0.235294117647059,0.477386934673367,0.573770491803279,0.323232323232323,0,0.478390461997019,0.22801024765158,0.05,0,
0,0.467336683417085,0.491803278688525,0.252525252525253,0.108747044917258,0.427719821162444,0.193851409052092,0.0166666666666667,0,
0,0.522613065326633,0.524590163934426,0.232323232323232,0.137115839243499,0.414307004470939,0.160546541417592,0.0333333333333333,0,
0.0588235294117647,0.587939698492462,0.491803278688525,0.232323232323232,0.125295508274232,0.503725782414307,0.165670367207515,0.1,0,
0.294117647058824,0.4321608040201,0.557377049180328,0.282828282828283,0.0839243498817967,0.450074515648286,0.122117847993168,0.05,0,
0.352941176470588,0.954773869346734,0.754098360655738,0,0,0.529061102831595,0.085397096498719,0.75,1,
0.117647058823529,0.50251256281407,0.540983606557377,0.202020202020202,0.106382978723404,0.490312965722802,0.336891545687447,0.116666666666667,1,
0,0.814070351758794,0.622950819672131,0.565656565656566,0.118203309692671,0.792846497764531,0.290777113578138,0.0666666666666667,1,
0.0588235294117647,0.613065326633166,0.737704918032787,0.515151515151515,0.260047281323877,0.740685543964233,0.105465414175918,0.166666666666667,1,
0.294117647058824,0.688442211055276,0.885245901639344,0,0,0.727272727272727,0.0636208368915457,0.266666666666667,1,
0.529411764705882,0.562814070351759,0.672131147540984,0.323232323232323,0.206855791962175,0.509687034277198,0.0777113578138343,0.25,1,
0.235294117647059,0.85929648241206,0.59016393442623,0,0,0.649776453055142,0.171221178479932,0.0833333333333333,1,
0.0588235294117647,0.949748743718593,0.491803278688525,0.232323232323232,1,0.448584202682563,0.13663535439795,0.633333333333333,1,
0.235294117647059,0.733668341708543,0.639344262295082,0,0,0.573770491803279,0.188727583262169,0.766666666666667,1,
0.470588235294118,0.542713567839196,0.573770491803279,0,0,0.454545454545455,0.374466268146883,0.2,1,
0.882352941176471,0.683417085427136,0.573770491803279,0.323232323232323,0.130023640661939,0.55290611028316,0.0320239111870196,0.366666666666667,1,
0.0588235294117647,0.442211055276382,0.245901639344262,0.424242424242424,0.117021276595745,0.819672131147541,0.178479931682323,0.0833333333333333,1,
0,0.608040201005025,0.540983606557377,0.303030303030303,0.195035460992908,0.511177347242921,0.0533731853116994,0.2,1,
0.647058823529412,0.718592964824121,0.770491803278688,0.333333333333333,0.1725768321513,0.545454545454546,0.0751494449188728,0.5,1,
0.470588235294118,0.603015075376884,0,0,0,0.447093889716841,0.0448334756618275,0.283333333333333,1,
0.529411764705882,0.512562814070352,0.622950819672131,0.373737373737374,0,0.490312965722802,0.25064047822374,0.416666666666667,1,
0,0.899497487437186,0.737704918032787,0.272727272727273,0,0.657228017883756,0.259607173356106,0.0333333333333333,1,
0.352941176470588,0.628140703517588,0.639344262295082,0.313131313131313,0,0.411326378539493,0.207941929974381,0.466666666666667,1,
0.588235294117647,0.557788944723618,0.573770491803279,0.272727272727273,0,0.409836065573771,0.0269000853970965,0.316666666666667,1,
0.0588235294117647,0.64321608040201,0.721311475409836,0.393939393939394,0.130023640661939,0.543964232488823,0.41801878736123,0.266666666666667,1,
0,0.909547738693467,0.721311475409836,0.444444444444444,0.602836879432624,0.645305514157973,0.0614859094790777,0.0833333333333333,1,
0.588235294117647,0.743718592964824,0.688524590163934,0.484848484848485,0.280141843971631,0.560357675111774,0.394107600341588,0.5,1,
0,0.904522613065327,0.540983606557377,0.393939393939394,0,0.625931445603577,0.774978650725875,0.0666666666666667,1,
0.352941176470588,0.979899497487437,0.573770491803279,0,0,0.460506706408346,0.106746370623399,0.166666666666667,1,
0.705882352941177,0.703517587939699,0.672131147540984,0.434343434343434,0.384160756501182,0.584202682563338,0.192143467122118,0.616666666666667,1,
0.470588235294118,0.603015075376884,0.704918032786885,0,0,0.423248882265276,0.0772843723313407,0.0166666666666667,1,
0.176470588235294,0.793969849246231,0.622950819672131,0.363636363636364,0.289598108747045,0.470938897168405,0.330059777967549,0.116666666666667,1,
