77,8,2,
0.176470588235294,0.5678391959799,0.409836065573771,0.101010101010101,0.100472813238771,0.439642324888227,0.23398804440649,0.0666666666666667,0,
0.0588235294117647,0.442211055276382,0.639344262295082,0.292929292929293,0.0898345153664303,0.476900149031297,0.122544833475662,0.133333333333333,0,
0.0588235294117647,0.628140703517588,0.573770491803279,0.242424242424242,0.130023640661939,0.362146050670641,0.0610589239965841,0.0666666666666667,0,
0.588235294117647,0.668341708542714,0.557377049180328,0,0,0.402384500745157,0.0713065755764304,0.25,0,
0.176470588235294,0.306532663316583,0.672131147540984,0.282828282828283,0,0.512667660208644,0.0704526046114432,0.416666666666667,0,
0.117647058823529,0.532663316582915,0.524590163934426,0.353535353535354,0.140661938534279,0.454545454545455,0.564474807856533,0.216666666666667,0,
0.117647058823529,0.417085427135678,0.540983606557377,0.232323232323232,0.0591016548463357,0.479880774962742,0.178906917164816,0.0166666666666667,0,
0.411764705882353,0.472361809045226,0.524590163934426,0.252525252525253,0.0933806146572104,0.496274217585693,0.281810418445773,0.333333333333333,0,
0.0588235294117647,0.477386934673367,0.491803278688525,0.181818181818182,0.0685579196217494,0.35618479880775,0.0777113578138343,0.0166666666666667,0,
0.411764705882353,0.899497487437186,0.778688524590164,0.313131313131313,0,0.509687034277198,0.0367207514944492,0.65,0,
0.588235294117647,0.814070351758794,0.688524590163934,0,0,0.412816691505216,0.0444064901793339,0.55,0,
0,0.336683417085427,0.622950819672131,0,0,0.675111773472429,0.049530315969257,0.416666666666667,0,
0,0.527638190954774,0.737704918032787,0,0,0.441132637853949,0.0508112724167378,0.416666666666667,0,
0.0588235294117647,0.407035175879397,0.60655737704918,0.414141414141414,0.0673758865248227,0.690014903129657,0.43467122117848,0.183333333333333,0,
0.0588235294117647,0.452261306532663,0.508196721311475,0.121212121212121,0.0508274231678487,0.405365126676602,0.214346712211785,0.05,0,
0.176470588235294,0.407035175879397,0.704918032786885,0.161616161616162,0.0780141843971631,0.409836065573771,0.0973526900085397,0.0166666666666667,0,
0.0588235294117647,0.35678391959799,0.508196721311475,0,0,0.324888226527571,0.144321093082835,0.0833333333333333,0,
0.705882352941177,0.442211055276382,0.60655737704918,0.404040404040404,0.0638297872340425,0.526080476900149,0.128095644748079,0.45,0,
0,0.371859296482412,0.426229508196721,0.101010101010101,0.0425531914893617,0.414307004470939,0.0815542271562767,0.0166666666666667,0,
0.352941176470588,0.402010050251256,0.655737704918033,0.363636363636364,0,0.593144560357675,0.0422715627668659,0.116666666666667,0,
0.117647058823529,0.49748743718593,0.491803278688525,0.171717171717172,0.189125295508274,0.545454545454546,0.160119555935098,0,0,
0.470588235294118,0.592964824120603,0.59016393442623,0.191919191919192,0,0.344262295081967,0.596925704526046,0.416666666666667,0,
0,0.537688442211055,0.491803278688525,0.252525252525253,0,0.39344262295082,0.0234842015371477,0.0333333333333333,0,
0.176470588235294,0.532663316582915,0.59016393442623,0,0,0.384500745156483,0.0550811272416738,0.1,0,
0.352941176470588,0.57286432160804,0.721311475409836,0,0,0.414307004470939,0.0721605465414176,0.75,0,
0.117647058823529,0.879396984924623,0.721311475409836,0,0,0.341281669150522,0.105892399658412,0.0166666666666667,0,
0.0588235294117647,0.42713567839196,0.540983606557377,0.292929292929293,0,0.396423248882265,0.116567036720751,0.166666666666667,0,
0,0.527638190954774,0.524590163934426,0.414141414141414,0.167848699763593,0.618479880774963,0.0405636208368915,0.0166666666666667,0,
0.235294117647059,0.482412060301508,0.459016393442623,0.171717171717172,0.057919621749409,0.309985096870343,0.111870196413322,0.0833333333333333,0,
0.235294117647059,0.603015075376884,0.557377049180328,0,0,0.441132637853949,0.269427839453459,0.216666666666667,0,
0.0588235294117647,0.417085427135678,0.557377049180328,0,0,0.27123695976155,0.233134073441503,0.1,0,
0.117647058823529,0.638190954773869,0.377049180327869,0.212121212121212,0.395981087470449,0.512667660208644,0.0418445772843723,0.0166666666666667,0,
0,0.542713567839196,0.557377049180328,0.202020202020202,0,0.406855439642325,0.302732707087959,0.183333333333333,0,
0.588235294117647,0.462311557788945,0.508196721311475,0,0,0.385991058122206,0.03800170794193,0.166666666666667,0,
0.470588235294118,0.422110552763819,0.60655737704918,0.313131313131313,0,0.570789865871833,0.161827497865073,0.3,0,
0.117647058823529,0.422110552763819,0.409836065573771,0.232323232323232,0.0898345153664303,0.453055141579732,0.3800170794193,0,0,
0.588235294117647,0.376884422110553,0.672131147540984,0,0,0.496274217585693,0.0789923142613151,0.283333333333333,0,
0.235294117647059,0.57286432160804,0.532786885245902,0,0,0.326378539493294,0.151152860802733,0.266666666666667,0,
0,0.597989949748744,0.524590163934426,0.181818181818182,0.108747044917258,0.520119225037258,0.276259607173356,0.0333333333333333,0,
0.294117647058824,0.738693467336683,0.614754098360656,0,0,0.445603576751118,0.15200683176772,0.116666666666667,0,
0.0588235294117647,0.969849246231156,0.409836065573771,0.161616161616162,0.443262411347518,0.385991058122206,0.246370623398804,0.05,0,
0.0588235294117647,0.658291457286432,0.524590163934426,0.141414141414141,0.490543735224586,0.353204172876304,0.132792485055508,0,0,
0.176470588235294,0.653266331658292,0.524590163934426,0,0,0.344262295081967,0.100768573868488,0.0166666666666667,0,
0.411764705882353,0.753768844221106,0.540983606557377,0.424242424242424,0.404255319148936,0.517138599105812,0.273270708795901,0.35,0,
0.117647058823529,0.462311557788945,0.508196721311475,0.282828282828283,0,0.470938897168405,0.022203245089667,0.05,0,
0.0588235294117647,0.623115577889447,0.60655737704918,0.363636363636364,0,0.414307004470939,0.0093936806148591,0.15,0,
0.0588235294117647,0.537688442211055,0.59016393442623,0.303030303030303,0.0969267139479905,0.459016393442623,0.317250213492741,0.05,0,
0.117647058823529,0.577889447236181,0.524590163934426,0.222222222222222,0,0.459016393442623,0.146456020495303,0,0,
0.176470588235294,0.512562814070352,0.360655737704918,0.202020202020202,0.111111111111111,0.459016393442623,0.137489325362938,0.0833333333333333,0,
0,0.472361809045226,0,0,0,0,0.0760034158838599,0.0666666666666667,0,
0.176470588235294,0.653266331658292,0.639344262295082,0.232323232323232,0.0933806146572104,0.423248882265276,0.104611443210931,0.216666666666667,1,
0.411764705882353,0.798994974874372,0.540983606557377,0,0,0.453055141579732,0.130230572160547,0.25,1,
0.294117647058824,0.582914572864322,0.60655737704918,0.292929292929293,0,0.481371087928465,0.248505550811272,0.233333333333333,1,
0.0588235294117647,0.64321608040201,0.80327868852459,0.414141414141414,0.0685579196217494,0.476900149031297,0.530742954739539,0.2,1,
0.0588235294117647,0.909547738693467,0.524590163934426,0.303030303030303,0.212765957446809,0.508196721311475,0.106746370623399,0.283333333333333,1,
0.470588235294118,0.773869346733668,0.639344262295082,0.323232323232323,0,0.482861400894188,0.155849701110162,0.4,1,
0.352941176470588,0.814070351758794,0.508196721311475,0,0,0.362146050670641,0.0426985482493595,0.483333333333333,1,
0.647058823529412,0.683417085427136,0.688524590163934,0.353535353535354,0.153664302600473,0.421758569299553,0.0777113578138343,0.35,1,
0.235294117647059,0.743718592964824,0.491803278688525,0.272727272727273,0.375886524822695,0.460506706408346,0.0307429547395389,0.133333333333333,1,
0.117647058823529,0.467336683417085,0.524590163934426,0.323232323232323,0.189125295508274,0.566318926974665,0.254483347566183,0.0333333333333333,1,
0.0588235294117647,0.723618090452261,0.672131147540984,0.464646464646465,0.212765957446809,0.687034277198212,0.109735269000854,0.416666666666667,1,
0,0.623115577889447,0.573770491803279,0.202020202020202,0,0.408345752608048,0.0751494449188728,0.25,1,
0,0.597989949748744,0,0,0,0.482861400894188,0.0269000853970965,0.05,1,
0.411764705882353,0.487437185929648,0.622950819672131,0.323232323232323,0.107565011820331,0.609538002980626,0.338599487617421,0.183333333333333,1,
0.411764705882353,0.809045226130653,0.704918032786885,0,0,0.453055141579732,0.0371477369769428,0.433333333333333,1,
0.588235294117647,0.844221105527638,0.60655737704918,0,0,0.566318926974665,0.19598633646456,0.216666666666667,1,
0.0588235294117647,0.633165829145729,0.491803278688525,0,0,0.448584202682563,0.115713065755764,0.433333333333333,1,
0.470588235294118,0.944723618090452,0.639344262295082,0,0,0.713859910581222,0.0251921434671221,0.366666666666667,1,
0.176470588235294,0.608040201005025,0.426229508196721,0,0,0.536512667660209,0.0209222886421862,0.0666666666666667,1,
0.294117647058824,0.793969849246231,0.688524590163934,0.414141414141414,0.24822695035461,0.587183308494784,0.13535439795047,0.133333333333333,1,
0,0.839195979899497,0,0,0,0.481371087928465,0.324935952177626,0.15,1,
0.117647058823529,0.723618090452261,0.475409836065574,0.333333333333333,0.159574468085106,0.470938897168405,0.146883005977797,0.0666666666666667,1,
0,0.688442211055276,0.327868852459016,0.353535353535354,0.198581560283688,0.642324888226528,0.943637916310845,0.2,1,
0,0.693467336683417,0,0,0,0.540983606557377,0.365072587532024,0.0666666666666667,1,
0.176470588235294,0.391959798994975,0.409836065573771,0.323232323232323,0.104018912529551,0.461997019374069,0.0725875320239112,0.0833333333333333,1,
0,0.728643216080402,0,0,0,0.658718330849479,0.235695986336465,0.166666666666667,1,
0.411764705882353,0.924623115577889,0.688524590163934,0.333333333333333,0,0.529061102831595,0.118274978650726,0.333333333333333,1,
