76,8,2,
0.588235294117647,0.341708542713568,0.868852459016393,0.232323232323232,0.057919621749409,0.529061102831595,0.0883859948761742,0.433333333333333,0,
0.411764705882353,0.683417085427136,0.737704918032787,0,0,0.445603576751118,0.0563620836891546,0.483333333333333,0,
0.0588235294117647,0.396984924623116,0.655737704918033,0.252525252525253,0.0437352245862884,0.378539493293592,0.215627668659266,0.0166666666666667,0,
0.0588235294117647,0.693467336683417,0.672131147540984,0,0,0.597615499254844,0.067463706233988,0.116666666666667,0,
0.0588235294117647,0.422110552763819,0.524590163934426,0.232323232323232,0.135933806146572,0.549925484351714,0.167805294619983,0.116666666666667,0,
0.294117647058824,0.698492462311558,0.524590163934426,0.353535353535354,0.16548463356974,0.426229508196721,0.142186165670367,0.0833333333333333,0,
0.411764705882353,0.57286432160804,0.622950819672131,0.171717171717172,0.130023640661939,0.354694485842027,0.165670367207515,0.166666666666667,0,
0.176470588235294,0.447236180904523,0.60655737704918,0.161616161616162,0.100472813238771,0.453055141579732,0.201964133219471,0.283333333333333,0,
0.0588235294117647,0.50251256281407,0.540983606557377,0.292929292929293,0.231678486997636,0.476900149031297,0.156276686592656,0.35,0,
0.117647058823529,0.462311557788945,0.426229508196721,0,0,0.448584202682563,0.0269000853970965,0.0166666666666667,0,
0.294117647058824,0.542713567839196,0.59016393442623,0.434343434343434,0.0886524822695035,0.538002980625932,0.0789923142613151,0.2,0,
0.0588235294117647,0.452261306532663,0.508196721311475,0.181818181818182,0.0697399527186761,0.374068554396423,0.508112724167378,0.0666666666666667,0,
0.0588235294117647,0.537688442211055,0.409836065573771,0.191919191919192,0,0.421758569299553,0.0439795046968403,0.133333333333333,0,
0.294117647058824,0.517587939698492,0.885245901639344,0.373737373737374,0,0.584202682563338,0.0969257045260461,0.733333333333333,0,
0.176470588235294,0.532663316582915,0.442622950819672,0.212121212121212,0.186761229314421,0.460506706408346,0.0913748932536294,0.05,0,
0.0588235294117647,0.487437185929648,0.573770491803279,0.151515151515152,0,0.27123695976155,0.0294619982920581,0,0,
0.235294117647059,0.758793969849246,0.737704918032787,0.383838383838384,0,0.442622950819672,0.0922288642186165,0.25,0,
0,0.678391959798995,0.770491803278688,0.464646464646465,0.171394799054374,0.605067064083458,0.0879590093936806,0.0833333333333333,0,
0.0588235294117647,0.487437185929648,0.557377049180328,0.212121212121212,0,0.405365126676602,0.434244235695986,0.0166666666666667,0,
0.0588235294117647,0.517587939698492,0.655737704918033,0.111111111111111,0.0969267139479905,0.289120715350224,0.176345004269855,0.0166666666666667,0,
0.529411764705882,0.361809045226131,0.639344262295082,0.252525252525253,0,0.470938897168405,0.0862510674637062,0.283333333333333,0,
0.235294117647059,0.708542713567839,0.60655737704918,0,0,0.411326378539493,0.0708795900939368,0.316666666666667,0,
0.235294117647059,0.422110552763819,0.737704918032787,0.232323232323232,0.066193853427896,0.588673621460507,0.0345858240819812,0.0666666666666667,0,
0.235294117647059,0.733668341708543,0.69672131147541,0.272727272727273,0.118203309692671,0.43070044709389,0.0473953885567891,0.1,0,
0.117647058823529,0.341708542713568,0.508196721311475,0.131313131313131,0.0177304964539007,0.299552906110283,0.0764304013663535,0.0333333333333333,0,
0.235294117647059,0.517587939698492,0.491803278688525,0.333333333333333,0.226950354609929,0.357675111773472,0.379163108454313,0.2,0,
0,0.663316582914573,0.639344262295082,0,0,0.482861400894188,0.134500426985482,0,0,
0.470588235294118,0.552763819095477,0.622950819672131,0,0,0.414307004470939,0.0678906917164816,0.616666666666667,0,
0.117647058823529,0.613065326633166,0.491803278688525,0.181818181818182,0.125295508274232,0.444113263785395,0.272843723313407,0.0166666666666667,0,
0.352941176470588,0.587939698492462,0.786885245901639,0,0,0.427719821162444,0.033731853116994,0.15,0,
0.294117647058824,0.442211055276382,0.639344262295082,0.303030303030303,0,0.411326378539493,0.0768573868488471,0.266666666666667,0,
0.0588235294117647,0.49748743718593,0.59016393442623,0.303030303030303,0.0212765957446809,0.575260804769002,0.142613151152861,0,0,
0,0.391959798994975,0.721311475409836,0.292929292929293,0.0472813238770686,0.549925484351714,0.15200683176772,0,0,
0.294117647058824,0.547738693467337,0.614754098360656,0.262626262626263,0,0.536512667660209,0.199829205807003,0.65,0,
0.411764705882353,0.527638190954774,0,0,0,0,0.0969257045260461,0.05,0,
0.0588235294117647,0.402010050251256,0.60655737704918,0.111111111111111,0.0709219858156028,0.447093889716841,0.191716481639624,0.0166666666666667,0,
0.0588235294117647,0.733668341708543,0.459016393442623,0,0,0.442622950819672,0.207514944491887,0.133333333333333,0,
0.176470588235294,0.50251256281407,0.557377049180328,0.232323232323232,0.0957446808510638,0.470938897168405,0.371904355251921,0.116666666666667,0,
0.470588235294118,0.326633165829146,0.59016393442623,0.232323232323232,0,0.476900149031297,0.222886421861657,0.35,0,
0.176470588235294,0.904522613065327,0.524590163934426,0.252525252525253,0.08274231678487,0.506706408345753,0.0824081981212639,0.0833333333333333,0,
0.411764705882353,0.597989949748744,0,0,0,0.375558867362146,0.055935098206661,0.266666666666667,0,
0.588235294117647,0.472361809045226,0.59016393442623,0.181818181818182,0,0.344262295081967,0.220751494449189,0.583333333333333,0,
0.176470588235294,0.793969849246231,0.524590163934426,0.131313131313131,0.457446808510638,0.464977645305514,0.0926558497011101,0.05,0,
0.235294117647059,0.49748743718593,0.622950819672131,0.151515151515152,0.0602836879432624,0.34575260804769,0.0619128949615713,0,0,
0.176470588235294,0.743718592964824,0.540983606557377,0.252525252525253,0,0.484351713859911,0.0760034158838599,0.0166666666666667,0,
0.352941176470588,0.42713567839196,0.639344262295082,0,0,0.464977645305514,0.129803586678053,0.35,0,
0.117647058823529,0.613065326633166,0.573770491803279,0.272727272727273,0,0.548435171385991,0.111870196413322,0.1,0,
0.0588235294117647,0.678391959798995,0.442622950819672,0,0,0.397913561847988,0.2600341588386,0.683333333333333,0,
0.470588235294118,0.457286432160804,0.672131147540984,0,0,0.530551415797317,0.21733561058924,0.783333333333333,0,
0,0.522613065326633,0.622950819672131,0,0,0.274217585692996,0.215200683176772,0.1,0,
0.352941176470588,0.673366834170854,0.655737704918033,0.373737373737374,0.437352245862884,0.688524590163935,0.0683176771989752,0.416666666666667,1,
0.352941176470588,0.673366834170854,0.573770491803279,0.232323232323232,0.153664302600473,0.527570789865872,0.198121263877028,0.133333333333333,1,
0.176470588235294,0.85427135678392,0.524590163934426,0.373737373737374,0.265957446808511,0.514157973174367,0.118701964133219,0.15,1,
0.235294117647059,0.683417085427136,0.573770491803279,0,0,0.464977645305514,0.471391972672929,0.0166666666666667,1,
0,0.658291457286432,0,0,0,0.64381520119225,0.0819812126387703,0.0833333333333333,1,
0.588235294117647,0.809045226130653,0.557377049180328,0.232323232323232,0.156028368794326,0.380029806259314,0.105892399658412,0.433333333333333,1,
0.470588235294118,0.884422110552764,0.737704918032787,0.343434343434343,0.354609929078014,0.502235469448584,0.166097352690009,0.616666666666667,1,
0.294117647058824,0.577889447236181,0.622950819672131,0,0,0.464977645305514,0.113151152860803,0.383333333333333,1,
0.235294117647059,0.577889447236181,0.59016393442623,0,0,0.43070044709389,0.127241673783091,0.416666666666667,1,
0.588235294117647,0.542713567839196,0.540983606557377,0,0,0.482861400894188,0.0828351836037575,0.35,1,
0.411764705882353,0.537688442211055,0.60655737704918,0,0,0.441132637853949,0.0751494449188728,0.166666666666667,1,
0.0588235294117647,0.668341708542714,0.836065573770492,0.282828282828283,0.16548463356974,0.488822652757079,0.0666097352690009,0.4,1,
0.647058823529412,0.678391959798995,0,0,0,0.779433681073025,0.213492741246798,0.316666666666667,1,
0.294117647058824,0.723618090452261,0.672131147540984,0.262626262626263,0.336879432624113,0.476900149031297,0.159692570452605,0.616666666666667,1,
0.176470588235294,0.874371859296482,0.475409836065574,0.222222222222222,0.229314420803783,0.490312965722802,0.219897523484202,0.25,1,
0.411764705882353,0.517587939698492,0.540983606557377,0.323232323232323,0,0.582712369597616,0.113578138343296,0.166666666666667,1,
0.352941176470588,0.623115577889447,0.59016393442623,0,0,0.411326378539493,0.123825789923143,0.133333333333333,1,
0.411764705882353,0.939698492462312,0.409836065573771,0.333333333333333,0.463356973995272,0.50521609538003,0.319385140905209,0.216666666666667,1,
0,0.5678391959799,0.622950819672131,0,0,0.496274217585693,0.085397096498719,0.0333333333333333,1,
0,0.904522613065327,0.639344262295082,0.636363636363636,0.016548463356974,0.885245901639344,1,0.0666666666666667,1,
0.176470588235294,0.849246231155779,0.60655737704918,0.191919191919192,0.147754137115839,0.445603576751118,0.0811272416737831,0.166666666666667,1,
0.176470588235294,0.708542713567839,0,0,0,0.447093889716841,0.291631084543126,0.1,1,
0.176470588235294,0.869346733668342,0.639344262295082,0.393939393939394,0.218676122931442,0.503725782414307,0.380871050384287,0.166666666666667,1,
0.117647058823529,0.733668341708543,0,0,0,0.409836065573771,0.0691716481639624,0.116666666666667,1,
0.411764705882353,0.753768844221106,0.639344262295082,0.292929292929293,0.148936170212766,0.524590163934426,0.262169086251067,0.55,1,
0.294117647058824,0.834170854271357,0.622950819672131,0,0,0.681073025335321,0.111870196413322,0.1,1,
