77,8,2,
0.176470588235294,0.557788944723618,0.737704918032787,0.121212121212121,0.0921985815602837,0.423248882265276,0.178052946199829,0.133333333333333,0,
0.117647058823529,0.698492462311558,0.614754098360656,0,0,0.381520119225037,0.03800170794193,0.133333333333333,0,
0.470588235294118,0.50251256281407,0.622950819672131,0,0,0.576751117734724,0.0478223740392827,0.35,0,
0.235294117647059,0.42713567839196,0.475409836065574,0.222222222222222,0.057919621749409,0.414307004470939,0.0973526900085397,0.116666666666667,0,
0.117647058823529,0.628140703517588,0.491803278688525,0.202020202020202,0.16548463356974,0.503725782414307,0.00426985482493595,0.166666666666667,0,
0.176470588235294,0.743718592964824,0.540983606557377,0.252525252525253,0,0.484351713859911,0.0760034158838599,0.0166666666666667,0,
0.176470588235294,0.71356783919598,0.655737704918033,0.151515151515152,0,0.482861400894188,0.0520922288642186,0.7,0,
0.411764705882353,0.597989949748744,0,0,0,0.375558867362146,0.055935098206661,0.266666666666667,0,
0.117647058823529,0.613065326633166,0.622950819672131,0.272727272727273,0.236406619385343,0.535022354694486,0.172929120409906,0.0833333333333333,0,
0.235294117647059,0.663316582914573,0.704918032786885,0.313131313131313,0,0.417287630402385,0.145602049530316,0.7,0,
0.0588235294117647,0.4321608040201,0.540983606557377,0.525252525252525,0.0768321513002364,0.615499254843517,0.358240819812126,0.133333333333333,0,
0.705882352941177,0.608040201005025,0.639344262295082,0.171717171717172,0,0.394932935916542,0.0772843723313407,0.683333333333333,0,
0.352941176470588,0.723618090452261,0.59016393442623,0.272727272727273,0.269503546099291,0.50521609538003,0.0755764304013663,0.316666666666667,0,
0.176470588235294,0.49748743718593,0.508196721311475,0.191919191919192,0.0874704491725768,0.324888226527571,0.0858240819812126,0.0833333333333333,0,
0.411764705882353,0.628140703517588,0.704918032786885,0,0,0.560357675111774,0.0964987190435525,0.5,0,
0,0.688442211055276,0.688524590163934,0.272727272727273,0,0.406855439642325,0.0653287788215201,0.633333333333333,0,
0.117647058823529,0.71356783919598,0.672131147540984,0.181818181818182,0.0756501182033097,0.368107302533532,0.291631084543126,0,0,
0.294117647058824,0.547738693467337,0.614754098360656,0.262626262626263,0,0.536512667660209,0.199829205807003,0.65,0,
0.235294117647059,0.477386934673367,0.491803278688525,0.323232323232323,0,0.527570789865872,0.0879590093936806,0.116666666666667,0,
0.235294117647059,0.618090452261307,0.655737704918033,0.151515151515152,0.208037825059102,0.476900149031297,0.155849701110162,0.216666666666667,0,
0.647058823529412,0.42713567839196,0.60655737704918,0,0,0.448584202682563,0.0947907771135781,0.233333333333333,0,
0,0.592964824120603,0.524590163934426,0.232323232323232,0.105200945626478,0,0.705807002561913,0,0,
0.117647058823529,0.603015075376884,0.622950819672131,0.373737373737374,0.124113475177305,0.591654247391952,0.0584970111016225,0.133333333333333,0,
0.0588235294117647,0.482412060301508,1,0,0,0.333830104321908,0.0550811272416738,0.1,0,
0.0588235294117647,0.653266331658292,0.573770491803279,0.131313131313131,0.124113475177305,0.385991058122206,0.168232280102476,0.0166666666666667,0,
0.0588235294117647,0.698492462311558,0.508196721311475,0.414141414141414,0.567375886524823,0.60655737704918,0.195559350982067,0,0,
0,0.507537688442211,0.622950819672131,0,0,0.53204172876304,0.0512382578992314,0.0833333333333333,0,
0.176470588235294,0.582914572864322,0,0,0,0.350223546944858,0.0465414175918019,0.0333333333333333,0,
0,0.512562814070352,0.614754098360656,0.232323232323232,0,0,0.210930828351836,0,0,
0.0588235294117647,0.527638190954774,0.475409836065574,0,0,0.362146050670641,0.0465414175918019,0,0,
0.705882352941177,0.532663316582915,0.655737704918033,0,0,0.351713859910581,0.0251921434671221,0.383333333333333,0,
0.0588235294117647,0.35678391959799,0.39344262295082,0.181818181818182,0.0898345153664303,0.304023845007452,0.104611443210931,0.0166666666666667,0,
0.117647058823529,0.557788944723618,0.491803278688525,0,0,0.390461997019374,0.113151152860803,0.0333333333333333,0,
0.117647058823529,0.608040201005025,0.573770491803279,0.323232323232323,0.112293144208038,0.582712369597616,0.345004269854825,0.0333333333333333,0,
0.0588235294117647,0.442211055276382,0.639344262295082,0.292929292929293,0.0898345153664303,0.476900149031297,0.122544833475662,0.133333333333333,0,
0.294117647058824,0.683417085427136,0.672131147540984,0,0,0,0.239965841161401,0.8,0,
0.470588235294118,0.537688442211055,0.655737704918033,0,0,0.366616989567809,0.332194705380017,0.216666666666667,0,
0.0588235294117647,0.437185929648241,0.491803278688525,0.373737373737374,0.0886524822695035,0.554396423248882,0.18403074295474,0.0166666666666667,0,
0.176470588235294,0.613065326633166,0.639344262295082,0,0,0.342771982116244,0.0751494449188728,0.316666666666667,0,
0.176470588235294,0.5678391959799,0.409836065573771,0.101010101010101,0.100472813238771,0.439642324888227,0.23398804440649,0.0666666666666667,0,
0,0.477386934673367,0.655737704918033,0.454545454545455,0.108747044917258,0.543964232488823,0.107600341588386,0.0833333333333333,0,
0.0588235294117647,0,0.39344262295082,0.202020202020202,0,0.368107302533532,0.0264730999146029,0.0166666666666667,0,
0.117647058823529,0.49748743718593,0,0,0,0.330849478390462,0.0128095644748079,0.0333333333333333,0,
0.294117647058824,0.221105527638191,0.508196721311475,0,0,0.3725782414307,0.21733561058924,0.25,0,
0.352941176470588,0.57286432160804,0,0,0,0,0.0473953885567891,0.0833333333333333,0,
0.0588235294117647,0.507537688442211,0.409836065573771,0.151515151515152,0.0425531914893617,0.360655737704918,0.191289496157131,0.0833333333333333,0,
0.411764705882353,0.899497487437186,0.778688524590164,0.313131313131313,0,0.509687034277198,0.0367207514944492,0.65,0,
0,0.618090452261307,0.721311475409836,0.373737373737374,0,0.524590163934426,0.0508112724167378,0.133333333333333,0,
0.0588235294117647,0.78894472361809,0.59016393442623,0.212121212121212,0.198581560283688,0.381520119225037,0.0192143467122118,0.05,0,
0.117647058823529,0.542713567839196,0.508196721311475,0.101010101010101,0.328605200945626,0.377049180327869,0.342869342442357,0.0166666666666667,0,
0.705882352941177,0.462311557788945,0.508196721311475,0.0707070707070707,0.304964539007092,0.411326378539493,0.362083689154569,0.383333333333333,1,
0,0.904522613065327,0.737704918032787,0.262626262626263,0.106382978723404,0.543964232488823,0.100768573868488,0.233333333333333,1,
0.529411764705882,0.829145728643216,0.721311475409836,0,0,0.453055141579732,0.0956447480785653,0.466666666666667,1,
0.294117647058824,0.547738693467337,0.508196721311475,0.414141414141414,0.152482269503546,0.533532041728763,0.186165670367208,0.0666666666666667,1,
0.117647058823529,0.778894472361809,0.426229508196721,0.272727272727273,0.638297872340426,0.576751117734724,0.0691716481639624,0.0666666666666667,1,
0.0588235294117647,0.738693467336683,0.770491803278688,0.414141414141414,0,0.734724292101341,0.119555935098207,0.1,1,
0.235294117647059,0.577889447236181,0.59016393442623,0,0,0.43070044709389,0.127241673783091,0.416666666666667,1,
0.764705882352941,0.522613065326633,0.59016393442623,0,0,0.464977645305514,0.165243381725021,0.283333333333333,1,
0.294117647058824,0.487437185929648,0.622950819672131,0.272727272727273,0,0.530551415797317,0.128095644748079,0.516666666666667,1,
0.411764705882353,0.894472361809045,0.688524590163934,0,0,0.594634873323398,0.10802732707088,0.333333333333333,1,
0.588235294117647,0.452261306532663,0.69672131147541,0.323232323232323,0,0.520119225037258,0.318958155422716,0.583333333333333,1,
0,0.522613065326633,0.524590163934426,0.373737373737374,0.0756501182033097,0.500745156482861,0.184457728437233,0.0166666666666667,1,
0.352941176470588,0.954773869346734,0.754098360655738,0,0,0.529061102831595,0.085397096498719,0.75,1,
0.588235294117647,0.577889447236181,0,0,0,0,0.0781383432963279,0.15,1,
0.235294117647059,0.924623115577889,0.639344262295082,0.393939393939394,0.3274231678487,0.551415797317437,0.0794192997438087,0.166666666666667,1,
0.176470588235294,0.85427135678392,0.524590163934426,0.373737373737374,0.265957446808511,0.514157973174367,0.118701964133219,0.15,1,
0.470588235294118,0.778894472361809,0.508196721311475,0.262626262626263,0.585106382978723,0.506706408345753,0.198548249359522,0.416666666666667,1,
0.176470588235294,0.969849246231156,0.573770491803279,0.313131313131313,0,0.520119225037258,0.069598633646456,0.0666666666666667,1,
0.529411764705882,0.763819095477387,0.639344262295082,0.343434343434343,0.202127659574468,0.509687034277198,0.34799316823228,0.2,1,
0.294117647058824,0.834170854271357,0.59016393442623,0.191919191919192,0.206855791962175,0.384500745156483,0.21733561058924,0.5,1,
0.176470588235294,0.64321608040201,0.59016393442623,0.252525252525253,0.224586288416076,0.482861400894188,0.201110162254483,0.1,1,
0.705882352941177,0.703517587939699,0.672131147540984,0.434343434343434,0.384160756501182,0.584202682563338,0.192143467122118,0.616666666666667,1,
0.176470588235294,0.85929648241206,0.59016393442623,0.333333333333333,0.159574468085106,0.496274217585693,0.051665243381725,0.05,1,
0.411764705882353,0.939698492462312,0.409836065573771,0.333333333333333,0.463356973995272,0.50521609538003,0.319385140905209,0.216666666666667,1,
0.352941176470588,0.623115577889447,0.59016393442623,0,0,0.411326378539493,0.123825789923143,0.133333333333333,1,
0,0.703517587939699,0.532786885245902,0.262626262626263,0.153664302600473,0.634873323397914,0.150725875320239,0.05,1,
0.176470588235294,0.708542713567839,0,0,0,0.447093889716841,0.291631084543126,0.1,1,
