77,8,2,
0.176470588235294,0.447236180904523,0.60655737704918,0.161616161616162,0.100472813238771,0.453055141579732,0.201964133219471,0.283333333333333,0,
0.411764705882353,0.527638190954774,0,0,0,0,0.0969257045260461,0.05,0,
0,0.28643216080402,0.491803278688525,0,0,0.323397913561848,0.280529461998292,0.766666666666667,0,
0,0.467336683417085,0.491803278688525,0.252525252525253,0.108747044917258,0.427719821162444,0.193851409052092,0.0166666666666667,0,
0.0588235294117647,0.50251256281407,0.59016393442623,0.121212121212121,0.08274231678487,0.377049180327869,0.247651579846285,0.116666666666667,0,
0.117647058823529,0.462311557788945,0.508196721311475,0.282828282828283,0,0.470938897168405,0.022203245089667,0.05,0,
0.117647058823529,0.618090452261307,0.39344262295082,0.323232323232323,0.195035460992908,0.6274217585693,0.188727583262169,0.0833333333333333,0,
0.0588235294117647,0.557788944723618,0.508196721311475,0.131313131313131,0.215130023640662,0.357675111773472,0.0256191289496157,0.0333333333333333,0,
0.176470588235294,0.653266331658292,0.524590163934426,0,0,0.344262295081967,0.100768573868488,0.0166666666666667,0,
0.0588235294117647,0.597989949748744,0.360655737704918,0.474747474747475,0.074468085106383,0.529061102831595,0.0862510674637062,0.0666666666666667,0,
0.0588235294117647,0.723618090452261,0.672131147540984,0.404040404040404,0,0.615499254843517,0.225875320239112,0.116666666666667,0,
0.411764705882353,0.668341708542714,0.688524590163934,0,0,0.599105812220566,0.263877028181042,0.266666666666667,0,
0.235294117647059,0.64321608040201,0.573770491803279,0,0,0.511177347242921,0.0960717335610589,0.05,0,
0.117647058823529,0.587939698492462,0.737704918032787,0.191919191919192,0.0839243498817967,0.375558867362146,0.100341588385995,0,0,
0.235294117647059,0.57286432160804,0.532786885245902,0,0,0.326378539493294,0.151152860802733,0.266666666666667,0,
0,0.4321608040201,0.557377049180328,0.323232323232323,0,0.533532041728763,0.0683176771989752,0.0666666666666667,0,
0,0.507537688442211,0.524590163934426,0.171717171717172,0,0.312965722801788,0.0742954739538856,0,0,
0.0588235294117647,0.758793969849246,0.491803278688525,0,0,0.388971684053651,0.0431255337318531,0.0166666666666667,0,
0.0588235294117647,0.562814070351759,0.59016393442623,0.303030303030303,0.208037825059102,0.512667660208644,0.192143467122118,0.0666666666666667,0,
0,0.512562814070352,0.704918032786885,0.171717171717172,0.124113475177305,0.436661698956781,0.263450042698548,0.1,0,
0.117647058823529,0.50251256281407,0.442622950819672,0.282828282828283,0.124113475177305,0.563338301043219,0.17933390264731,0.05,0,
0.588235294117647,0.577889447236181,0.80327868852459,0,0,0.357675111773472,0.403074295473954,0.216666666666667,0,
0.117647058823529,0.733668341708543,0.622950819672131,0.353535353535354,0.229314420803783,0.56929955290611,0.107173356105892,0.133333333333333,0,
0,0.512562814070352,0.426229508196721,0,0,0.374068554396423,0,0,0,
0.235294117647059,0.452261306532663,0,0,0,0.417287630402385,0.227156276686593,0.166666666666667,0,
0.529411764705882,0.361809045226131,0.639344262295082,0.252525252525253,0,0.470938897168405,0.0862510674637062,0.283333333333333,0,
0.647058823529412,0.638190954773869,0.868852459016393,0,0,0.581222056631893,0.0478223740392827,0.5,0,
0.176470588235294,0.577889447236181,0.540983606557377,0.393939393939394,0.16548463356974,0.567809239940388,0.0307429547395389,0.116666666666667,0,
0.117647058823529,0.376884422110553,0.524590163934426,0.242424242424242,0.0650118203309693,0.442622950819672,0.12467976088813,0.2,0,
0,0.457286432160804,0.655737704918033,0,0,0.482861400894188,0.22331340734415,0.1,0,
0.117647058823529,0.442211055276382,0.475409836065574,0.262626262626263,0.0189125295508274,0.423248882265276,0.293766011955594,0.0166666666666667,0,
0.0588235294117647,0.693467336683417,0.672131147540984,0,0,0.597615499254844,0.067463706233988,0.116666666666667,0,
0,0.527638190954774,0.557377049180328,0.222222222222222,0,0.29806259314456,0.067463706233988,0.0166666666666667,0,
0.0588235294117647,0.422110552763819,0.524590163934426,0.232323232323232,0.135933806146572,0.549925484351714,0.167805294619983,0.116666666666667,0,
0,0.467336683417085,0.819672131147541,0.393939393939394,0.0851063829787234,0.646795827123696,0.40264730999146,0.233333333333333,0,
0.117647058823529,0.542713567839196,0.524590163934426,0,0,0.459016393442623,0.0341588385994876,0,0,
0.176470588235294,0.417085427135678,0.475409836065574,0.313131313131313,0.0212765957446809,0.511177347242921,0.110162254483348,0.0666666666666667,0,
0.176470588235294,0.753768844221106,0.622950819672131,0,0,0.312965722801788,0.0550811272416738,0.266666666666667,0,
0.588235294117647,0.341708542713568,0.868852459016393,0.232323232323232,0.057919621749409,0.529061102831595,0.0883859948761742,0.433333333333333,0,
0.117647058823529,0.462311557788945,0.622950819672131,0.202020202020202,0,0.360655737704918,0.691716481639624,0.116666666666667,0,
0,0.371859296482412,0.426229508196721,0.101010101010101,0.0425531914893617,0.414307004470939,0.0815542271562767,0.0166666666666667,0,
0.0588235294117647,0.608040201005025,0.639344262295082,0.393939393939394,0.0874704491725768,0.581222056631893,0.0781383432963279,0.116666666666667,0,
0.117647058823529,0.597989949748744,0,0,0,0.292101341281669,0.321947053800171,0.85,0,
0.294117647058824,0.522613065326633,0.60655737704918,0,0,0.429210134128167,0.0320239111870196,0.45,0,
0.176470588235294,0.557788944723618,0.459016393442623,0.393939393939394,0,0.448584202682563,0.204526046114432,0.15,0,
0,0.467336683417085,0.491803278688525,0,0,0.526080476900149,0.0789923142613151,0.0666666666666667,0,
0.294117647058824,0.618090452261307,0.60655737704918,0.404040404040404,0.091016548463357,0.508196721311475,0.0815542271562767,0.116666666666667,0,
0.117647058823529,0.542713567839196,0.508196721311475,0.323232323232323,0.066193853427896,0.375558867362146,0.0213492741246798,0,0,
0.294117647058824,0.477386934673367,0.59016393442623,0.333333333333333,0,0.561847988077496,0.12467976088813,0.1,0,
0.0588235294117647,0.477386934673367,0.491803278688525,0.181818181818182,0.0685579196217494,0.35618479880775,0.0777113578138343,0.0166666666666667,0,
0.823529411764706,0.50251256281407,0.639344262295082,0.252525252525253,0.217494089834515,0.545454545454546,0.142613151152861,0.416666666666667,1,
0.352941176470588,0.522613065326633,0.60655737704918,0.181818181818182,0.184397163120567,0.445603576751118,0.274978650725875,0.333333333333333,1,
0.176470588235294,0.648241206030151,0.524590163934426,0.292929292929293,0.135933806146572,0.39344262295082,0.0602049530315969,0.116666666666667,1,
0,0.693467336683417,0.491803278688525,0.353535353535354,0.197399527186761,0.51564828614009,0.194705380017079,0,1,
0.0588235294117647,0.844221105527638,0.721311475409836,0.292929292929293,0,0.521609538002981,0.353116994022203,0.516666666666667,1,
0.117647058823529,0.467336683417085,0.524590163934426,0.323232323232323,0.189125295508274,0.566318926974665,0.254483347566183,0.0333333333333333,1,
0,0.592964824120603,0.688524590163934,0.474747474747475,0.271867612293144,0.682563338301043,0.201964133219471,0.166666666666667,1,
0,0.527638190954774,0.688524590163934,0,0,0.415797317436662,0.283091374893254,0.683333333333333,1,
0.529411764705882,0.728643216080402,0.655737704918033,0.464646464646465,0.153664302600473,0.564828614008942,0.23868488471392,0.316666666666667,1,
0.470588235294118,0.718592964824121,0.540983606557377,0,0,0.520119225037258,0.0217762596071734,0.333333333333333,1,
0.529411764705882,0.78391959798995,0.704918032786885,0,0,0.369597615499255,0.0649017933390265,0.533333333333333,1,
0.117647058823529,0.50251256281407,0.540983606557377,0.202020202020202,0.106382978723404,0.490312965722802,0.336891545687447,0.116666666666667,1,
0.176470588235294,0.939698492462312,0.573770491803279,0.222222222222222,0.236406619385343,0.5424739195231,0.140905209222886,0.25,1,
0.411764705882353,0.537688442211055,0.60655737704918,0,0,0.441132637853949,0.0751494449188728,0.166666666666667,1,
0.0588235294117647,0.442211055276382,0.245901639344262,0.424242424242424,0.117021276595745,0.819672131147541,0.178479931682323,0.0833333333333333,1,
0.235294117647059,0.663316582914573,0,0,0,0.490312965722802,0.0956447480785653,0.0333333333333333,1,
0.0588235294117647,0.613065326633166,0.737704918032787,0.515151515151515,0.260047281323877,0.740685543964233,0.105465414175918,0.166666666666667,1,
0.470588235294118,0.899497487437186,0.59016393442623,0.424242424242424,0.153664302600473,0.487332339791356,0.273697694278395,0.25,1,
0.176470588235294,0.819095477386935,0.573770491803279,0.181818181818182,0.124113475177305,0.470938897168405,0.0811272416737831,0.116666666666667,1,
0.0588235294117647,0.864321608040201,0.557377049180328,0.494949494949495,0.684397163120567,0.631892697466468,0.266438941076003,0.116666666666667,1,
0,0.904522613065327,0.540983606557377,0.393939393939394,0,0.625931445603577,0.774978650725875,0.0666666666666667,1,
0.352941176470588,0.597989949748744,0.409836065573771,0.222222222222222,0.208037825059102,0.403874813710879,0.529461998292058,0.2,1,
0.588235294117647,0.844221105527638,0.60655737704918,0,0,0.566318926974665,0.19598633646456,0.216666666666667,1,
0.411764705882353,0.50251256281407,0,0,0,0.447093889716841,0.1733561058924,0.183333333333333,1,
0.235294117647059,0.618090452261307,0.508196721311475,0,0,0.476900149031297,0.0631938514090521,0.233333333333333,1,
0.294117647058824,0.793969849246231,0.688524590163934,0.414141414141414,0.24822695035461,0.587183308494784,0.13535439795047,0.133333333333333,1,
0.588235294117647,0.743718592964824,0.688524590163934,0.484848484848485,0.280141843971631,0.560357675111774,0.394107600341588,0.5,1,
