77,8,2,
0.117647058823529,0.577889447236181,0.524590163934426,0.222222222222222,0,0.459016393442623,0.146456020495303,0,0,
0.235294117647059,0.482412060301508,0.459016393442623,0.171717171717172,0.057919621749409,0.309985096870343,0.111870196413322,0.0833333333333333,0,
0.176470588235294,0.64321608040201,0.639344262295082,0,0,0.314456035767511,0.0811272416737831,0.566666666666667,0,
0.0588235294117647,0.537688442211055,0.59016393442623,0.303030303030303,0.0969267139479905,0.459016393442623,0.317250213492741,0.05,0,
0.0588235294117647,0.623115577889447,0.60655737704918,0.363636363636364,0,0.414307004470939,0.0093936806148591,0.15,0,
0.117647058823529,0.42713567839196,0.532786885245902,0,0,0.59016393442623,0.363791631084543,0.1,0,
0.411764705882353,0.532663316582915,0.754098360655738,0.181818181818182,0,0.338301043219076,0.0670367207514944,0.45,0,
0,0.557788944723618,0.532786885245902,0,0,0.366616989567809,0.248505550811272,0.166666666666667,0,
0.117647058823529,0.648241206030151,0,0,0,0.573770491803279,0.0964987190435525,0.333333333333333,0,
0.0588235294117647,0.658291457286432,0.524590163934426,0.141414141414141,0.490543735224586,0.353204172876304,0.132792485055508,0,0,
0.117647058823529,0.613065326633166,0.426229508196721,0.434343434343434,0.186761229314421,0.539493293591654,0.315115286080273,0.116666666666667,0,
0.235294117647059,0.487437185929648,0.491803278688525,0.232323232323232,0,0.42026825633383,0.155849701110162,0.0166666666666667,0,
0,0.507537688442211,0.508196721311475,0,0,0.326378539493294,0.110162254483348,0.0666666666666667,0,
0.470588235294118,0.326633165829146,0.59016393442623,0.232323232323232,0,0.476900149031297,0.222886421861657,0.35,0,
0.0588235294117647,0.547738693467337,0.311475409836066,0.181818181818182,0.141843971631206,0.344262295081967,0.140478223740393,0.0833333333333333,0,
0.235294117647059,0.422110552763819,0.737704918032787,0.232323232323232,0.066193853427896,0.588673621460507,0.0345858240819812,0.0666666666666667,0,
0.0588235294117647,0.547738693467337,0.459016393442623,0.212121212121212,0.159574468085106,0.375558867362146,0.322374039282664,0.0333333333333333,0,
0.0588235294117647,0.49748743718593,0.59016393442623,0.303030303030303,0.0212765957446809,0.575260804769002,0.142613151152861,0,0,
0.117647058823529,0.35678391959799,0.573770491803279,0.272727272727273,0,0.417287630402385,0.216908625106746,0.0166666666666667,0,
0.117647058823529,0.64321608040201,0.524590163934426,0.424242424242424,0,0.596125186289121,0.436806148590948,0.05,0,
0.117647058823529,0.638190954773869,0.377049180327869,0.212121212121212,0.395981087470449,0.512667660208644,0.0418445772843723,0.0166666666666667,0,
0.294117647058824,0.442211055276382,0.540983606557377,0.212121212121212,0.0271867612293144,0.363636363636364,0.112724167378309,0.15,0,
0.0588235294117647,0.467336683417085,0.573770491803279,0.313131313131313,0,0.453055141579732,0.101195559350982,0.0333333333333333,0,
0.294117647058824,0.442211055276382,0.639344262295082,0.303030303030303,0,0.411326378539493,0.0768573868488471,0.266666666666667,0,
0.235294117647059,0.688442211055276,0.688524590163934,0,0,0.464977645305514,0.0742954739538856,0.15,0,
0.117647058823529,0.507537688442211,0.475409836065574,0.353535353535354,0.106382978723404,0.324888226527571,0.0328778821520068,0.0166666666666667,0,
0.294117647058824,0.386934673366834,0.672131147540984,0.414141414141414,0.049645390070922,0.533532041728763,0.0333048676345004,0.233333333333333,0,
0,0.663316582914573,0.639344262295082,0,0,0.482861400894188,0.134500426985482,0,0,
0.0588235294117647,0.487437185929648,0.573770491803279,0.404040404040404,0,0.567809239940388,0.0597779675491033,0.15,0,
0.117647058823529,0.341708542713568,0.508196721311475,0.131313131313131,0.0177304964539007,0.299552906110283,0.0764304013663535,0.0333333333333333,0,
0.235294117647059,0.733668341708543,0.69672131147541,0.272727272727273,0.118203309692671,0.43070044709389,0.0473953885567891,0.1,0,
0,0.49748743718593,0,0,0,0.3725782414307,0.0747224594363792,0.0166666666666667,0,
0.117647058823529,0.422110552763819,0,0,0,0,0.0964987190435525,0,0,
0.176470588235294,0.582914572864322,0.60655737704918,0.151515151515152,0.124113475177305,0.391952309985097,0.0123825789923143,0.05,0,
0.235294117647059,0.648241206030151,0.491803278688525,0.121212121212121,0.273049645390071,0.409836065573771,0.191716481639624,0.166666666666667,0,
0.0588235294117647,0,0.60655737704918,0.202020202020202,0.0271867612293144,0.412816691505216,0.0943637916310845,0,0,
0.235294117647059,0.452261306532663,0.721311475409836,0.474747474747475,0.0638297872340425,0.561847988077496,0.121263877028181,0.133333333333333,0,
0.588235294117647,0.507537688442211,0.622950819672131,0.484848484848485,0.212765957446809,0.490312965722802,0.0397096498719044,0.7,0,
0.470588235294118,0.633165829145729,0.60655737704918,0.383838383838384,0.0886524822695035,0.385991058122206,0.035866780529462,0.3,0,
0.117647058823529,0.437185929648241,0,0.232323232323232,0,0.43070044709389,0.296754910333049,0.0666666666666667,0,
0.235294117647059,0.773869346733668,0.508196721311475,0.313131313131313,0.335697399527187,0.488822652757079,0.0678906917164816,0.0333333333333333,0,
0.705882352941177,0.703517587939699,0.69672131147541,0.333333333333333,0,0.557377049180328,0.0708795900939368,0.333333333333333,0,
0.235294117647059,0.462311557788945,0.655737704918033,0,0,0.628912071535022,0.0678906917164816,0.133333333333333,0,
0.0588235294117647,0.447236180904523,0.622950819672131,0.343434343434343,0.0437352245862884,0.464977645305514,0.0486763450042699,0.0333333333333333,0,
0.352941176470588,0.527638190954774,0.573770491803279,0.323232323232323,0.0803782505910166,0.459016393442623,0.0187873612297182,0.266666666666667,0,
0.529411764705882,0.623115577889447,0.573770491803279,0.333333333333333,0.475177304964539,0.527570789865872,0.0871050384286934,0.216666666666667,0,
0.470588235294118,0.42713567839196,0.450819672131148,0.202020202020202,0,0.363636363636364,0.0247651579846285,0.35,0,
0.294117647058824,0.793969849246231,0.573770491803279,0,0,0.444113263785395,0.0550811272416738,0.7,0,
0.294117647058824,0.366834170854271,0.491803278688525,0,0,0.399403874813711,0.0811272416737831,0.1,0,
0.0588235294117647,0.768844221105528,0.672131147540984,0.424242424242424,0.573286052009456,0.605067064083458,0.2600341588386,0.0333333333333333,0,
0.176470588235294,0.814070351758794,0.426229508196721,0.383838383838384,0,0.554396423248882,0.245089666951324,0.05,1,
0,0.839195979899497,0,0,0,0.481371087928465,0.324935952177626,0.15,1,
0.529411764705882,0.562814070351759,0.672131147540984,0.323232323232323,0.206855791962175,0.509687034277198,0.0777113578138343,0.25,1,
0.588235294117647,0.628140703517588,0.573770491803279,0.262626262626263,0.135933806146572,0.463487332339791,0.0542271562766866,0.333333333333333,1,
0.117647058823529,0.512562814070352,0.704918032786885,0.363636363636364,0.141843971631206,0.678092399403875,0.0209222886421862,0.0333333333333333,1,
0.470588235294118,0.758793969849246,0.639344262295082,0.323232323232323,0.24822695035461,0.639344262295082,0.187019641332195,0.25,1,
0.235294117647059,0.733668341708543,0.639344262295082,0,0,0.573770491803279,0.188727583262169,0.766666666666667,1,
0.176470588235294,0.869346733668342,0.672131147540984,0.484848484848485,0.549645390070922,0.572280178837556,0.879163108454313,0.0666666666666667,1,
0.176470588235294,0.562814070351759,0.60655737704918,0.303030303030303,0,0.470938897168405,0.0508112724167378,0.0666666666666667,1,
0.411764705882353,0.763819095477387,0.721311475409836,0.444444444444444,0,0.745156482861401,0.110589239965841,0.25,1,
0.294117647058824,0.723618090452261,0.672131147540984,0.262626262626263,0.336879432624113,0.476900149031297,0.159692570452605,0.616666666666667,1,
0.352941176470588,0.673366834170854,0.573770491803279,0.232323232323232,0.153664302600473,0.527570789865872,0.198121263877028,0.133333333333333,1,
0.117647058823529,0.989949748743719,0.573770491803279,1,0,0.517138599105812,0.212211784799317,0.683333333333333,1,
0,0.608040201005025,0.540983606557377,0.303030303030303,0.195035460992908,0.511177347242921,0.0533731853116994,0.2,1,
0.529411764705882,0.85929648241206,0.901639344262295,0.242424242424242,0.283687943262411,0.676602086438152,0.274551665243382,0.55,1,
0.0588235294117647,0.64321608040201,0.80327868852459,0.414141414141414,0.0685579196217494,0.476900149031297,0.530742954739539,0.2,1,
0.176470588235294,0.537688442211055,0.508196721311475,0.131313131313131,0.0567375886524823,0.341281669150522,0.256191289496157,0.0333333333333333,1,
0.411764705882353,0.909547738693467,0.688524590163934,0.212121212121212,0.226950354609929,0.535022354694486,0.216908625106746,0.5,1,
0,0.728643216080402,0,0,0,0.658718330849479,0.235695986336465,0.166666666666667,1,
0.647058823529412,0.557788944723618,0.688524590163934,0.404040404040404,0,0.697466467958271,0.361656703672075,0.4,1,
0,0.944723618090452,0.672131147540984,0.141414141414141,0.218676122931442,0.476900149031297,0.257899231426132,0.0166666666666667,1,
0,0.904522613065327,0.639344262295082,0.636363636363636,0.016548463356974,0.885245901639344,1,0.0666666666666667,1,
0.529411764705882,0.512562814070352,0.622950819672131,0.373737373737374,0,0.490312965722802,0.25064047822374,0.416666666666667,1,
0.470588235294118,0.944723618090452,0.639344262295082,0,0,0.713859910581222,0.0251921434671221,0.366666666666667,1,
0.0588235294117647,0.633165829145729,0.491803278688525,0,0,0.448584202682563,0.115713065755764,0.433333333333333,1,
0.0588235294117647,0.64321608040201,0.721311475409836,0.393939393939394,0.130023640661939,0.543964232488823,0.41801878736123,0.266666666666667,1,
0.117647058823529,0.723618090452261,0.475409836065574,0.333333333333333,0.159574468085106,0.470938897168405,0.146883005977797,0.0666666666666667,1,
