76,8,2,
0.117647058823529,0.547738693467337,0.754098360655738,0,0,0.636363636363636,0.327497865072588,0.55,0,
0.294117647058824,0.613065326633166,0.704918032786885,0,0,0.517138599105812,0.0905209222886422,0.2,0,
0.235294117647059,0.989949748743719,0.573770491803279,0.393939393939394,0.879432624113475,0.546944858420268,0.961144321093083,0.166666666666667,0,
0.0588235294117647,0.597989949748744,0.721311475409836,0.414141414141414,0.200945626477541,0.675111773472429,0.183176771989752,0.0833333333333333,0,
0.0588235294117647,0.718592964824121,0.688524590163934,0.232323232323232,0.366430260047281,0.631892697466468,0.426131511528608,0.0166666666666667,0,
0.117647058823529,0.562814070351759,0.540983606557377,0.222222222222222,0,0.3725782414307,0.0977796754910333,0.05,0,
0.411764705882353,0.623115577889447,0.573770491803279,0.333333333333333,0.254137115839243,0.380029806259314,0.0354397950469684,0.266666666666667,0,
0.352941176470588,0.462311557788945,0.508196721311475,0.323232323232323,0.148936170212766,0.476900149031297,0.00298889837745517,0.416666666666667,0,
0.0588235294117647,0.457286432160804,0.524590163934426,0.242424242424242,0,0.435171385991058,0.0486763450042699,0,0,
0.352941176470588,0.462311557788945,0.754098360655738,0,0,0.296572280178838,0.0469684030742955,0.116666666666667,0,
0.117647058823529,0.371859296482412,0,0,0,0,0.0102476515798463,0.0166666666666667,0,
0.470588235294118,0.49748743718593,0.688524590163934,0,0,0.527570789865872,0.132365499573015,0.483333333333333,0,
0.0588235294117647,0.587939698492462,0.491803278688525,0.232323232323232,0.125295508274232,0.503725782414307,0.165670367207515,0.1,0,
0.176470588235294,0.50251256281407,0.557377049180328,0.232323232323232,0.0957446808510638,0.470938897168405,0.371904355251921,0.116666666666667,0,
0.0588235294117647,0.366834170854271,0.409836065573771,0.101010101010101,0,0.342771982116244,0.0725875320239112,0,0,
0.0588235294117647,0.396984924623116,0.491803278688525,0.424242424242424,0.0567375886524823,0.648286140089419,0.256191289496157,0.0333333333333333,0,
0.117647058823529,0.477386934673367,0.442622950819672,0.141414141414141,0.104018912529551,0.388971684053651,0.286080273270709,0.0166666666666667,0,
0.117647058823529,0.472361809045226,0.622950819672131,0.181818181818182,0.0780141843971631,0.470938897168405,0.243808710503843,0.0333333333333333,0,
0,0.391959798994975,0.721311475409836,0.292929292929293,0.0472813238770686,0.549925484351714,0.15200683176772,0,0,
0.588235294117647,0.698492462311558,0.655737704918033,0,0,0.403874813710879,0.58198121263877,0.6,0,
0,0.597989949748744,0.540983606557377,0.272727272727273,0,0.578241430700447,0.0772843723313407,0.0166666666666667,0,
0.117647058823529,0.648241206030151,0.688524590163934,0,0,0.417287630402385,0.0879590093936806,0.1,0,
0.0588235294117647,0.477386934673367,0.60655737704918,0.212121212121212,0.0862884160756501,0.385991058122206,0.254056362083689,0.25,0,
0.117647058823529,0.442211055276382,0.60655737704918,0.191919191919192,0.0626477541371158,0.432190760059613,0.0644748078565329,0.0166666666666667,0,
0.0588235294117647,0.653266331658292,0.491803278688525,0.232323232323232,0.200945626477541,0.426229508196721,0.262169086251067,0,0,
0.764705882352941,0.768844221105528,0.721311475409836,0.373737373737374,0.16548463356974,0.605067064083458,0.46797608881298,0.3,0,
0.176470588235294,0.557788944723618,0.508196721311475,0,0,0.336810730253353,0.0273270708795901,0,0,
0.235294117647059,0.517587939698492,0.491803278688525,0.333333333333333,0.226950354609929,0.357675111773472,0.379163108454313,0.2,0,
0.294117647058824,0.582914572864322,0.60655737704918,0,0,0.381520119225037,0.0525192143467122,0.15,0,
0.235294117647059,0.738693467336683,0.60655737704918,0.252525252525253,0.346335697399527,0.520119225037258,0.131084543125534,0.15,0,
0.0588235294117647,0.402010050251256,0.450819672131148,0,0,0.284649776453055,0.0768573868488471,0,0,
0,0.603015075376884,0.60655737704918,0.181818181818182,0.074468085106383,0.454545454545455,0.0883859948761742,0.0833333333333333,0,
0.235294117647059,0.638190954773869,0.721311475409836,0.111111111111111,0.183215130023641,0.514157973174367,0.22203245089667,0.116666666666667,0,
0.294117647058824,0.57286432160804,0.60655737704918,0,0,0.371087928464978,0.284372331340734,0.6,0,
0.352941176470588,0.517587939698492,0.59016393442623,0.323232323232323,0.224586288416076,0.561847988077496,0.105038428693424,0.566666666666667,0,
0,0.648241206030151,0.655737704918033,0,0,0.464977645305514,0.266865926558497,0.133333333333333,0,
0.117647058823529,0.527638190954774,0.614754098360656,0,0,0.347242921013413,0.205807002561913,0.533333333333333,0,
0.235294117647059,0.949748743718593,0.901639344262295,0.313131313131313,0,0.424739195230999,0.257045260461144,0.266666666666667,0,
0.176470588235294,0.422110552763819,0.59016393442623,0.323232323232323,0,0.554396423248882,0.0807002561912895,0.116666666666667,0,
0,0.366834170854271,0,0,0,0.314456035767511,0.112724167378309,0.0666666666666667,0,
0,0.733668341708543,0.672131147540984,0,0,0.603576751117735,0.727156276686593,0.383333333333333,0,
0.705882352941177,0.442211055276382,0.60655737704918,0.404040404040404,0.0638297872340425,0.526080476900149,0.128095644748079,0.45,0,
0.352941176470588,0.557788944723618,0.524590163934426,0.393939393939394,0,0.509687034277198,0.0777113578138343,0.05,0,
0.294117647058824,0.517587939698492,0.885245901639344,0.373737373737374,0,0.584202682563338,0.0969257045260461,0.733333333333333,0,
0.0588235294117647,0.467336683417085,0.459016393442623,0.111111111111111,0,0.33532041728763,0.144748078565329,0.0166666666666667,0,
0.117647058823529,0.527638190954774,0.475409836065574,0.404040404040404,0.111111111111111,0.520119225037258,0.0627668659265585,0.0666666666666667,0,
0.352941176470588,0.402010050251256,0.540983606557377,0.303030303030303,0,0.390461997019374,0.100341588385995,0.333333333333333,0,
0.0588235294117647,0.50251256281407,0.540983606557377,0.151515151515152,0.066193853427896,0.351713859910581,0.251067463706234,0.0833333333333333,0,
0,0.512562814070352,0.639344262295082,0.404040404040404,0.106382978723404,0.514157973174367,0.0683176771989752,0.05,0,
0.0588235294117647,0.50251256281407,0.540983606557377,0.292929292929293,0.231678486997636,0.476900149031297,0.156276686592656,0.35,0,
0.117647058823529,0.592964824120603,0.655737704918033,0,0,0.639344262295082,0.262596071733561,0,1,
0.176470588235294,0.608040201005025,0.426229508196721,0,0,0.536512667660209,0.0209222886421862,0.0666666666666667,1,
0.470588235294118,0.527638190954774,0.819672131147541,0.363636363636364,0,0.645305514157973,0.0687446626814688,0.4,1,
0.411764705882353,0.738693467336683,0.622950819672131,0,0,0.587183308494784,0.0764304013663535,0.366666666666667,1,
0.235294117647059,0.477386934673367,0.524590163934426,0,0,0.476900149031297,0.0354397950469684,0.166666666666667,1,
0.176470588235294,0.698492462311558,0.442622950819672,0,0,0.381520119225037,0.138343296327925,0.0166666666666667,1,
0.0588235294117647,0.512562814070352,0.60655737704918,0,0,0.588673621460507,0.091801878736123,0.35,1,
0,0.693467336683417,0,0,0,0.540983606557377,0.365072587532024,0.0666666666666667,1,
0.647058823529412,0.718592964824121,0.770491803278688,0.333333333333333,0.1725768321513,0.545454545454546,0.0751494449188728,0.5,1,
0.411764705882353,0.809045226130653,0.704918032786885,0,0,0.453055141579732,0.0371477369769428,0.433333333333333,1,
0.176470588235294,0.884422110552764,0.704918032786885,0.272727272727273,0.184397163120567,0.496274217585693,0.459436379163108,0.516666666666667,1,
0.529411764705882,0.562814070351759,0.672131147540984,0.242424242424242,0,0.42026825633383,0.514090520922289,0.483333333333333,1,
0,0.889447236180904,0.491803278688525,0.292929292929293,0.565011820330969,0.51564828614009,0.424423569598634,0,1,
0.235294117647059,0.557788944723618,0.59016393442623,0.474747474747475,0.24468085106383,0.55290611028316,0.560204953031597,0.583333333333333,1,
0.294117647058824,0.577889447236181,0.80327868852459,0,0,0.788375558867362,0.055935098206661,0.116666666666667,1,
0.294117647058824,0.814070351758794,0.852459016393443,0,0,0.561847988077496,0.0311699402220324,0.516666666666667,1,
0,0.909547738693467,0.721311475409836,0.444444444444444,0.602836879432624,0.645305514157973,0.0614859094790777,0.0833333333333333,1,
0,0.678391959798995,0.557377049180328,0.424242424242424,0.295508274231678,0.630402384500745,0.122544833475662,0.05,1,
0.411764705882353,0.648241206030151,0.557377049180328,0.494949494949495,0.147754137115839,0.573770491803279,0.154141759180188,0.366666666666667,1,
0.470588235294118,0.919597989949749,0.524590163934426,0,0,0.347242921013413,0.253629376601196,0.183333333333333,1,
0.411764705882353,0.753768844221106,0.639344262295082,0.292929292929293,0.148936170212766,0.524590163934426,0.262169086251067,0.55,1,
0.0588235294117647,0.577889447236181,0.573770491803279,0.303030303030303,0.113475177304965,0.51564828614009,0.192570452604611,0.183333333333333,1,
0,0.899497487437186,0.409836065573771,0.363636363636364,0.187943262411348,0.563338301043219,0.160973526900085,0.0166666666666667,1,
0.529411764705882,0.728643216080402,0.721311475409836,0.343434343434343,0.195035460992908,0.451564828614009,0.295900939368062,0.533333333333333,1,
0,0.547738693467337,0.721311475409836,0.303030303030303,0,0.484351713859911,0.331767719897523,0.283333333333333,1,
0.117647058823529,0.793969849246231,0.737704918032787,0,0,0.470938897168405,0.310418445772844,0.75,1,
